Input file: Instances/rudy/g05_60.4

Graph has 60 vertices and 885 edges.
Parameters:
              sigma0 = 1.000000
          scaleSigma = 1.001000
        ADMM_itermax = 2000
                tol0 = 0.050000
            scaleTol = 0.600000
              minTol = 0.001000
          triag_iter = 3
           pent_iter = 3
           hept_iter = 3
      max_outer_iter = 12
          extra_iter = 5
    violated_TriIneq = 0.001000
             TriIneq = 600
      adjust_TriIneq = 1
            PentIneq = 5000
           HeptaIneq = 5000
         Pent_Trials = 60
        Hepta_Trials = 50
        include_Pent = 1
       include_Hepta = 1
                root = 0
            use_diff = 1
   branchingStrategy = 1

Nodes = 15
Root node bound = 529.65
Maximum value = 527
Solution = ( 1 2 4 6 7 10 11 12 13 15 16 18 19 20 23 24 28 29 31 33 36 39 44 47 48 50 51 56 57 58 )
Time = 3.28 s

Number of cores: 3
Maximum number of workers used: 2
