Input file: Instances/rudy/g05_100.1

Graph has 100 vertices and 2475 edges.
Parameters:
              sigma0 = 1.000000
          scaleSigma = 1.001000
        ADMM_itermax = 2000
                tol0 = 0.050000
            scaleTol = 0.600000
              minTol = 0.001000
          triag_iter = 3
           pent_iter = 3
           hept_iter = 3
      max_outer_iter = 12
          extra_iter = 5
    violated_TriIneq = 0.001000
             TriIneq = 1000
      adjust_TriIneq = 1
            PentIneq = 5000
           HeptaIneq = 5000
         Pent_Trials = 60
        Hepta_Trials = 50
        include_Pent = 1
       include_Hepta = 1
                root = 0
            use_diff = 1
   branchingStrategy = 1

Nodes = 1273
Root node bound = 1442.43
Maximum value = 1425
Solution = ( 1 5 10 13 14 15 16 19 21 24 26 28 30 31 33 34 38 39 41 43 44 47 48 53 54 55 56 57 58 59 61 62 63 65 66 68 72 73 78 79 81 86 87 88 90 92 93 94 95 97 99 )
Time = 54.07 s

Number of cores: 10
Maximum number of workers used: 9
