Input file: Instances/rudy/g05_80.7

Graph has 80 vertices and 1580 edges.
Parameters:
              sigma0 = 1.000000
          scaleSigma = 1.001000
        ADMM_itermax = 2000
                tol0 = 0.050000
            scaleTol = 0.600000
              minTol = 0.001000
          triag_iter = 3
           pent_iter = 3
           hept_iter = 3
      max_outer_iter = 12
          extra_iter = 5
    violated_TriIneq = 0.001000
             TriIneq = 800
      adjust_TriIneq = 1
            PentIneq = 5000
           HeptaIneq = 5000
         Pent_Trials = 60
        Hepta_Trials = 50
        include_Pent = 1
       include_Hepta = 1
                root = 0
            use_diff = 1
   branchingStrategy = 1

Nodes = 105
Root node bound = 931.47
Maximum value = 929
Solution = ( 2 3 4 5 7 8 10 13 16 18 21 23 25 26 27 28 31 32 33 35 37 38 40 41 43 46 47 48 49 52 60 62 64 66 67 68 69 70 72 73 74 77 )
Time = 1.49 s

Number of cores: 10
Maximum number of workers used: 9
