Input file: Instances/rudy/g05_80.9

Graph has 80 vertices and 1580 edges.
Parameters:
              sigma0 = 1.000000
          scaleSigma = 1.001000
        ADMM_itermax = 2000
                tol0 = 0.050000
            scaleTol = 0.600000
              minTol = 0.001000
          triag_iter = 3
           pent_iter = 3
           hept_iter = 3
      max_outer_iter = 12
          extra_iter = 5
    violated_TriIneq = 0.001000
             TriIneq = 800
      adjust_TriIneq = 1
            PentIneq = 5000
           HeptaIneq = 5000
         Pent_Trials = 60
        Hepta_Trials = 50
        include_Pent = 1
       include_Hepta = 1
                root = 0
            use_diff = 1
   branchingStrategy = 1

Nodes = 39
Root node bound = 928.61
Maximum value = 923
Solution = ( 3 4 5 6 7 8 11 12 18 19 22 25 27 29 30 33 35 39 40 41 42 44 46 47 48 51 54 55 58 59 60 61 65 66 68 69 74 75 )
Time = 65.43 s

Number of cores: 10
Maximum number of workers used: 9
