Input file: Instances/rudy/g05_80.2

Graph has 80 vertices and 1580 edges.
Parameters:
              sigma0 = 1.000000
          scaleSigma = 1.001000
        ADMM_itermax = 2000
                tol0 = 0.050000
            scaleTol = 0.600000
              minTol = 0.001000
          triag_iter = 3
           pent_iter = 3
           hept_iter = 3
      max_outer_iter = 12
          extra_iter = 5
    violated_TriIneq = 0.001000
             TriIneq = 800
      adjust_TriIneq = 1
            PentIneq = 5000
           HeptaIneq = 5000
         Pent_Trials = 60
        Hepta_Trials = 50
        include_Pent = 1
       include_Hepta = 1
                root = 0
            use_diff = 1
   branchingStrategy = 1

Nodes = 15
Root node bound = 936.96
Maximum value = 934
Solution = ( 1 2 5 9 13 15 17 20 24 26 28 29 30 35 37 38 39 40 42 44 47 51 52 55 56 58 59 60 63 65 66 68 69 70 72 73 74 75 77 )
Time = 6.96 s

Number of cores: 3
Maximum number of workers used: 2
