Input file: Instances/rudy/g05_100.8

Graph has 100 vertices and 2475 edges.
Parameters:
              sigma0 = 1.000000
          scaleSigma = 1.001000
        ADMM_itermax = 2000
                tol0 = 0.050000
            scaleTol = 0.600000
              minTol = 0.001000
          triag_iter = 3
           pent_iter = 3
           hept_iter = 3
      max_outer_iter = 12
          extra_iter = 5
    violated_TriIneq = 0.001000
             TriIneq = 1000
      adjust_TriIneq = 1
            PentIneq = 5000
           HeptaIneq = 5000
         Pent_Trials = 60
        Hepta_Trials = 50
        include_Pent = 1
       include_Hepta = 1
                root = 0
            use_diff = 1
   branchingStrategy = 1

Nodes = 43
Root node bound = 1441.47
Maximum value = 1432
Solution = ( 2 3 4 6 7 8 11 15 16 17 18 22 23 26 28 29 30 31 34 35 36 37 40 41 42 46 47 51 54 56 57 58 60 63 65 68 70 74 75 77 79 84 85 87 88 93 95 96 99 )
Time = 16.01 s

Number of cores: 10
Maximum number of workers used: 9
