Input file: Instances/rudy/g05_100.7

Graph has 100 vertices and 2475 edges.
Parameters:
              sigma0 = 1.000000
          scaleSigma = 1.001000
        ADMM_itermax = 2000
                tol0 = 0.050000
            scaleTol = 0.600000
              minTol = 0.001000
          triag_iter = 3
           pent_iter = 3
           hept_iter = 3
      max_outer_iter = 12
          extra_iter = 5
    violated_TriIneq = 0.001000
             TriIneq = 1000
      adjust_TriIneq = 1
            PentIneq = 5000
           HeptaIneq = 5000
         Pent_Trials = 60
        Hepta_Trials = 50
        include_Pent = 1
       include_Hepta = 1
                root = 0
            use_diff = 1
   branchingStrategy = 1

Nodes = 91
Root node bound = 1439.99
Maximum value = 1431
Solution = ( 1 2 5 6 7 9 10 13 14 15 16 17 20 21 25 26 30 33 34 35 37 40 41 42 45 47 50 51 52 54 61 62 63 65 72 73 74 77 78 81 82 84 85 86 88 90 95 96 97 98 )
Time = 19.49 s

Number of cores: 10
Maximum number of workers used: 9
