Input file: Instances/rudy/g05_100.4

Graph has 100 vertices and 2475 edges.
Parameters:
              sigma0 = 1.000000
          scaleSigma = 1.001000
        ADMM_itermax = 2000
                tol0 = 0.050000
            scaleTol = 0.600000
              minTol = 0.001000
          triag_iter = 3
           pent_iter = 3
           hept_iter = 3
      max_outer_iter = 12
          extra_iter = 5
    violated_TriIneq = 0.001000
             TriIneq = 1000
      adjust_TriIneq = 1
            PentIneq = 5000
           HeptaIneq = 5000
         Pent_Trials = 60
        Hepta_Trials = 50
        include_Pent = 1
       include_Hepta = 1
                root = 0
            use_diff = 1
   branchingStrategy = 1

Nodes = 11
Root node bound = 1444.63
Maximum value = 1440
Solution = ( 2 3 4 6 8 9 12 13 16 17 19 25 26 27 28 29 31 32 33 35 36 37 40 43 44 45 46 48 50 51 57 58 60 61 66 68 69 70 72 73 76 79 82 84 85 88 92 99 )
Time = 6.52 s

Number of cores: 10
Maximum number of workers used: 5
