Input file: Instances/rudy/g05_100.9

Graph has 100 vertices and 2475 edges.
Parameters:
              sigma0 = 1.000000
          scaleSigma = 1.001000
        ADMM_itermax = 2000
                tol0 = 0.050000
            scaleTol = 0.600000
              minTol = 0.001000
          triag_iter = 3
           pent_iter = 3
           hept_iter = 3
      max_outer_iter = 12
          extra_iter = 5
    violated_TriIneq = 0.001000
             TriIneq = 1000
      adjust_TriIneq = 1
            PentIneq = 5000
           HeptaIneq = 5000
         Pent_Trials = 60
        Hepta_Trials = 50
        include_Pent = 1
       include_Hepta = 1
                root = 0
            use_diff = 1
   branchingStrategy = 1

Nodes = 339
Root node bound = 1441.94
Maximum value = 1430
Solution = ( 3 8 11 12 13 15 16 29 30 32 33 36 37 39 41 42 44 46 47 48 49 52 54 58 59 60 61 62 64 71 73 74 75 76 77 79 81 82 84 85 87 88 89 90 91 92 93 95 98 99 )
Time = 11.38 s

Number of cores: 10
Maximum number of workers used: 9
