Input file: Instances/rudy/g05_60.0

Graph has 60 vertices and 885 edges.
Parameters:
              sigma0 = 1.000000
          scaleSigma = 1.001000
        ADMM_itermax = 2000
                tol0 = 0.050000
            scaleTol = 0.600000
              minTol = 0.001000
          triag_iter = 3
           pent_iter = 3
           hept_iter = 3
      max_outer_iter = 12
          extra_iter = 5
    violated_TriIneq = 0.001000
             TriIneq = 600
      adjust_TriIneq = 1
            PentIneq = 5000
           HeptaIneq = 5000
         Pent_Trials = 60
        Hepta_Trials = 50
        include_Pent = 1
       include_Hepta = 1
                root = 0
            use_diff = 1
   branchingStrategy = 1

Nodes = 1
Root node bound = 536.78
Maximum value = 536
Solution = ( 1 4 7 11 13 14 17 20 22 23 24 25 26 27 28 29 30 32 33 34 35 36 37 40 42 43 45 47 52 54 55 )
Time = 0.55 s

Number of cores: 10
Maximum number of workers used: 0
