Input file: Instances/rudy/g05_80.5

Graph has 80 vertices and 1580 edges.
Parameters:
              sigma0 = 1.000000
          scaleSigma = 1.001000
        ADMM_itermax = 2000
                tol0 = 0.050000
            scaleTol = 0.600000
              minTol = 0.001000
          triag_iter = 3
           pent_iter = 3
           hept_iter = 3
      max_outer_iter = 12
          extra_iter = 5
    violated_TriIneq = 0.001000
             TriIneq = 800
      adjust_TriIneq = 1
            PentIneq = 5000
           HeptaIneq = 5000
         Pent_Trials = 60
        Hepta_Trials = 50
        include_Pent = 1
       include_Hepta = 1
                root = 0
            use_diff = 1
   branchingStrategy = 1

Nodes = 13
Root node bound = 930.57
Maximum value = 926
Solution = ( 2 3 4 6 17 18 20 22 23 24 25 27 30 31 33 34 36 37 38 40 41 44 47 48 49 53 54 55 56 57 64 65 67 68 69 71 74 76 77 78 )
Time = 2.26 s

Number of cores: 10
Maximum number of workers used: 7
