Input file: Instances/rudy/g05_80.0

Graph has 80 vertices and 1580 edges.
Parameters:
              sigma0 = 1.000000
          scaleSigma = 1.001000
        ADMM_itermax = 2000
                tol0 = 0.050000
            scaleTol = 0.600000
              minTol = 0.001000
          triag_iter = 3
           pent_iter = 3
           hept_iter = 3
      max_outer_iter = 12
          extra_iter = 5
    violated_TriIneq = 0.001000
             TriIneq = 800
      adjust_TriIneq = 1
            PentIneq = 5000
           HeptaIneq = 5000
         Pent_Trials = 60
        Hepta_Trials = 50
        include_Pent = 1
       include_Hepta = 1
                root = 0
            use_diff = 1
   branchingStrategy = 1

Nodes = 11
Root node bound = 933.45
Maximum value = 929
Solution = ( 3 8 9 10 12 13 15 18 19 22 24 28 31 32 33 36 37 38 43 44 45 47 50 51 52 53 55 56 57 58 59 61 63 68 69 70 74 75 78 )
Time = 4.77 s

Number of cores: 10
Maximum number of workers used: 6
