Input file: Instances/rudy/g05_100.1

Graph has 100 vertices and 2475 edges.
Parameters:
              sigma0 = 1.000000
          scaleSigma = 1.001000
        ADMM_itermax = 2000
                tol0 = 0.050000
            scaleTol = 0.600000
              minTol = 0.001000
          triag_iter = 3
           pent_iter = 3
           hept_iter = 3
      max_outer_iter = 12
          extra_iter = 5
    violated_TriIneq = 0.001000
             TriIneq = 1000
      adjust_TriIneq = 1
            PentIneq = 5000
           HeptaIneq = 5000
         Pent_Trials = 60
        Hepta_Trials = 50
        include_Pent = 1
       include_Hepta = 1
                root = 0
            use_diff = 1
   branchingStrategy = 1

Nodes = 881
Root node bound = 1440.40
Maximum value = 1425
Solution = ( 3 4 7 8 9 10 12 13 14 15 16 17 18 19 20 24 27 30 35 37 38 43 45 46 48 50 52 55 56 57 60 61 63 65 66 69 70 73 74 78 79 80 82 83 84 86 88 91 92 95 )
Time = 975.76 s

Number of cores: 10
Maximum number of workers used: 9
