Input file: Instances/rudy/g05_60.4

Graph has 60 vertices and 885 edges.
Parameters:
              sigma0 = 1.000000
          scaleSigma = 1.001000
        ADMM_itermax = 2000
                tol0 = 0.050000
            scaleTol = 0.600000
              minTol = 0.001000
          triag_iter = 3
           pent_iter = 3
           hept_iter = 3
      max_outer_iter = 12
          extra_iter = 5
    violated_TriIneq = 0.001000
             TriIneq = 600
      adjust_TriIneq = 1
            PentIneq = 5000
           HeptaIneq = 5000
         Pent_Trials = 60
        Hepta_Trials = 50
        include_Pent = 1
       include_Hepta = 1
                root = 0
            use_diff = 1
   branchingStrategy = 1

Nodes = 13
Root node bound = 529.73
Maximum value = 527
Solution = ( 3 5 8 9 14 17 21 22 25 26 27 28 30 32 34 35 36 37 38 40 41 42 43 45 46 49 52 54 55 59 )
Time = 25.76 s

Number of cores: 10
Maximum number of workers used: 6
