Input file: Instances/rudy/g05_80.3

Graph has 80 vertices and 1580 edges.
Parameters:
              sigma0 = 1.000000
          scaleSigma = 1.001000
        ADMM_itermax = 2000
                tol0 = 0.050000
            scaleTol = 0.600000
              minTol = 0.001000
          triag_iter = 3
           pent_iter = 3
           hept_iter = 3
      max_outer_iter = 12
          extra_iter = 5
    violated_TriIneq = 0.001000
             TriIneq = 800
      adjust_TriIneq = 1
            PentIneq = 5000
           HeptaIneq = 5000
         Pent_Trials = 60
        Hepta_Trials = 50
        include_Pent = 1
       include_Hepta = 1
                root = 0
            use_diff = 1
   branchingStrategy = 1

Nodes = 101
Root node bound = 931.13
Maximum value = 923
Solution = ( 2 3 6 7 11 13 14 15 18 21 22 23 24 26 27 28 29 30 32 35 36 40 43 45 46 47 53 56 57 60 62 66 69 70 71 73 74 75 76 78 79 )
Time = 12.57 s

Number of cores: 10
Maximum number of workers used: 9
