Input file: Instances/rudy/g05_100.3

Graph has 100 vertices and 2475 edges.
Parameters:
              sigma0 = 1.000000
          scaleSigma = 1.001000
        ADMM_itermax = 2000
                tol0 = 0.050000
            scaleTol = 0.600000
              minTol = 0.001000
          triag_iter = 3
           pent_iter = 3
           hept_iter = 3
      max_outer_iter = 12
          extra_iter = 5
    violated_TriIneq = 0.001000
             TriIneq = 1000
      adjust_TriIneq = 1
            PentIneq = 5000
           HeptaIneq = 5000
         Pent_Trials = 60
        Hepta_Trials = 50
        include_Pent = 1
       include_Hepta = 1
                root = 0
            use_diff = 1
   branchingStrategy = 1

Nodes = 575
Root node bound = 1436.75
Maximum value = 1424
Solution = ( 1 4 8 9 10 11 12 15 16 17 18 19 20 25 28 29 30 32 41 45 46 50 51 52 53 54 57 61 62 64 66 67 69 72 73 75 80 81 83 85 86 87 89 90 92 94 96 97 98 99 )
Time = 18.91 s

Number of cores: 10
Maximum number of workers used: 9
