Input file: Instances/rudy/g05_80.8

Graph has 80 vertices and 1580 edges.
Parameters:
              sigma0 = 1.000000
          scaleSigma = 1.001000
        ADMM_itermax = 2000
                tol0 = 0.050000
            scaleTol = 0.600000
              minTol = 0.001000
          triag_iter = 3
           pent_iter = 3
           hept_iter = 3
      max_outer_iter = 12
          extra_iter = 5
    violated_TriIneq = 0.001000
             TriIneq = 800
      adjust_TriIneq = 1
            PentIneq = 5000
           HeptaIneq = 5000
         Pent_Trials = 60
        Hepta_Trials = 50
        include_Pent = 1
       include_Hepta = 1
                root = 0
            use_diff = 1
   branchingStrategy = 1

Nodes = 13
Root node bound = 929.25
Maximum value = 925
Solution = ( 1 4 5 6 8 9 13 20 21 24 25 27 30 33 35 36 37 43 44 48 50 51 55 57 58 60 61 62 66 68 69 70 71 72 73 75 76 77 78 )
Time = 2.69 s

Number of cores: 10
Maximum number of workers used: 7
