Input file: Instances/rudy/g05_80.4

Graph has 80 vertices and 1580 edges.
Parameters:
              sigma0 = 1.000000
          scaleSigma = 1.001000
        ADMM_itermax = 2000
                tol0 = 0.050000
            scaleTol = 0.600000
              minTol = 0.001000
          triag_iter = 3
           pent_iter = 3
           hept_iter = 3
      max_outer_iter = 12
          extra_iter = 5
    violated_TriIneq = 0.001000
             TriIneq = 800
      adjust_TriIneq = 1
            PentIneq = 5000
           HeptaIneq = 5000
         Pent_Trials = 60
        Hepta_Trials = 50
        include_Pent = 1
       include_Hepta = 1
                root = 0
            use_diff = 1
   branchingStrategy = 1

Nodes = 33
Root node bound = 935.94
Maximum value = 932
Solution = ( 2 3 5 6 7 8 11 12 14 19 21 22 24 25 27 31 32 37 38 39 45 48 49 50 52 53 54 57 58 60 61 63 64 65 67 69 72 76 77 79 )
Time = 14.17 s

Number of cores: 3
Maximum number of workers used: 2
