Input file: Instances/rudy/g05_60.9

Graph has 60 vertices and 885 edges.
Parameters:
              sigma0 = 1.000000
          scaleSigma = 1.001000
        ADMM_itermax = 2000
                tol0 = 0.050000
            scaleTol = 0.600000
              minTol = 0.001000
          triag_iter = 3
           pent_iter = 3
           hept_iter = 3
      max_outer_iter = 12
          extra_iter = 5
    violated_TriIneq = 0.001000
             TriIneq = 600
      adjust_TriIneq = 1
            PentIneq = 5000
           HeptaIneq = 5000
         Pent_Trials = 60
        Hepta_Trials = 50
        include_Pent = 1
       include_Hepta = 1
                root = 0
            use_diff = 1
   branchingStrategy = 1

Nodes = 21
Root node bound = 536.97
Maximum value = 533
Solution = ( 5 6 7 9 10 11 12 14 16 20 21 24 25 26 27 29 31 32 34 36 37 38 41 42 43 45 47 49 55 58 59 )
Time = 1.03 s

Number of cores: 10
Maximum number of workers used: 8
