Input file: Instances/rudy/g05_80.1

Graph has 80 vertices and 1580 edges.
Parameters:
              sigma0 = 1.000000
          scaleSigma = 1.001000
        ADMM_itermax = 2000
                tol0 = 0.050000
            scaleTol = 0.600000
              minTol = 0.001000
          triag_iter = 3
           pent_iter = 3
           hept_iter = 3
      max_outer_iter = 12
          extra_iter = 5
    violated_TriIneq = 0.001000
             TriIneq = 800
      adjust_TriIneq = 1
            PentIneq = 5000
           HeptaIneq = 5000
         Pent_Trials = 60
        Hepta_Trials = 50
        include_Pent = 1
       include_Hepta = 1
                root = 0
            use_diff = 1
   branchingStrategy = 1

Nodes = 3
Root node bound = 942.48
Maximum value = 941
Solution = ( 2 3 5 6 9 12 14 18 19 20 21 22 26 27 28 29 31 32 36 37 38 40 41 42 43 48 52 53 54 56 58 60 62 66 67 68 71 73 75 )
Time = 1.34 s

Number of cores: 10
Maximum number of workers used: 2
