Input file: Instances/rudy/pm1d_100.6

Graph has 100 vertices and 4901 edges.
Parameters:
              sigma0 = 1.000000
          scaleSigma = 1.001000
        ADMM_itermax = 2000
                tol0 = 0.050000
            scaleTol = 0.600000
              minTol = 0.001000
          triag_iter = 3
           pent_iter = 3
           hept_iter = 3
      max_outer_iter = 12
          extra_iter = 5
    violated_TriIneq = 0.001000
             TriIneq = 1000
      adjust_TriIneq = 1
            PentIneq = 5000
           HeptaIneq = 5000
         Pent_Trials = 60
        Hepta_Trials = 50
        include_Pent = 1
       include_Hepta = 1
                root = 0
            use_diff = 1
   branchingStrategy = 1

Nodes = 33
Root node bound = 382.11
Maximum value = 367
Solution = ( 3 6 7 8 10 12 13 14 17 18 20 28 29 30 32 33 35 36 37 38 39 41 44 45 49 52 53 54 56 63 64 70 71 74 75 77 78 81 82 84 88 90 91 92 97 )
Time = 13.68 s

Number of cores: 10
Maximum number of workers used: 9
