Input file: Instances/rudy/pm1d_100.7

Graph has 100 vertices and 4901 edges.
Parameters:
              sigma0 = 1.000000
          scaleSigma = 1.001000
        ADMM_itermax = 2000
                tol0 = 0.050000
            scaleTol = 0.600000
              minTol = 0.001000
          triag_iter = 3
           pent_iter = 3
           hept_iter = 3
      max_outer_iter = 12
          extra_iter = 5
    violated_TriIneq = 0.001000
             TriIneq = 1000
      adjust_TriIneq = 1
            PentIneq = 5000
           HeptaIneq = 5000
         Pent_Trials = 60
        Hepta_Trials = 50
        include_Pent = 1
       include_Hepta = 1
                root = 0
            use_diff = 1
   branchingStrategy = 1

Nodes = 17
Root node bound = 370.56
Maximum value = 361
Solution = ( 1 3 5 6 7 8 11 13 14 16 18 23 26 27 32 33 34 35 37 39 44 45 46 47 48 51 53 55 56 57 58 59 60 62 64 65 68 69 70 72 73 75 76 77 78 79 81 82 83 85 86 87 89 90 93 94 95 96 97 )
Time = 179.56 s

Number of cores: 10
Maximum number of workers used: 6
