Input file: Instances/rudy/pm1d_80.6

Graph has 80 vertices and 3128 edges.
Parameters:
              sigma0 = 1.000000
          scaleSigma = 1.001000
        ADMM_itermax = 2000
                tol0 = 0.050000
            scaleTol = 0.600000
              minTol = 0.001000
          triag_iter = 3
           pent_iter = 3
           hept_iter = 3
      max_outer_iter = 12
          extra_iter = 5
    violated_TriIneq = 0.001000
             TriIneq = 800
      adjust_TriIneq = 1
            PentIneq = 5000
           HeptaIneq = 5000
         Pent_Trials = 60
        Hepta_Trials = 50
        include_Pent = 1
       include_Hepta = 1
                root = 0
            use_diff = 1
   branchingStrategy = 1

Nodes = 35
Root node bound = 213.68
Maximum value = 205
Solution = ( 1 2 3 4 5 8 10 11 12 13 15 16 20 21 24 28 32 37 41 43 47 50 51 53 54 56 58 61 62 68 74 75 79 )
Time = 19.05 s

Number of cores: 3
Maximum number of workers used: 2
