Input file: Instances/rudy/pm1d_80.9

Graph has 80 vertices and 3128 edges.
Parameters:
              sigma0 = 1.000000
          scaleSigma = 1.001000
        ADMM_itermax = 2000
                tol0 = 0.050000
            scaleTol = 0.600000
              minTol = 0.001000
          triag_iter = 3
           pent_iter = 3
           hept_iter = 3
      max_outer_iter = 12
          extra_iter = 5
    violated_TriIneq = 0.001000
             TriIneq = 800
      adjust_TriIneq = 1
            PentIneq = 5000
           HeptaIneq = 5000
         Pent_Trials = 60
        Hepta_Trials = 50
        include_Pent = 1
       include_Hepta = 1
                root = 0
            use_diff = 1
   branchingStrategy = 1

Nodes = 3
Root node bound = 261.82
Maximum value = 258
Solution = ( 1 2 3 5 7 10 12 15 16 19 20 22 25 26 27 33 35 37 38 41 42 43 47 48 50 51 54 57 58 59 60 64 67 69 70 75 77 )
Time = 3.04 s

Number of cores: 10
Maximum number of workers used: 2
