Input file: Instances/rudy/pm1d_80.7

Graph has 80 vertices and 3128 edges.
Parameters:
              sigma0 = 1.000000
          scaleSigma = 1.001000
        ADMM_itermax = 2000
                tol0 = 0.050000
            scaleTol = 0.600000
              minTol = 0.001000
          triag_iter = 3
           pent_iter = 3
           hept_iter = 3
      max_outer_iter = 12
          extra_iter = 5
    violated_TriIneq = 0.001000
             TriIneq = 800
      adjust_TriIneq = 1
            PentIneq = 5000
           HeptaIneq = 5000
         Pent_Trials = 60
        Hepta_Trials = 50
        include_Pent = 1
       include_Hepta = 1
                root = 0
            use_diff = 1
   branchingStrategy = 1

Nodes = 125
Root node bound = 257.41
Maximum value = 249
Solution = ( 1 2 3 5 9 11 12 15 16 17 22 24 25 26 28 29 30 31 32 36 38 43 47 48 49 50 51 52 53 54 55 56 57 60 61 62 64 65 67 68 69 71 72 74 77 )
Time = 5.92 s

Number of cores: 10
Maximum number of workers used: 9
