Input file: Instances/rudy/pm1d_80.5

Graph has 80 vertices and 3128 edges.
Parameters:
              sigma0 = 1.000000
          scaleSigma = 1.001000
        ADMM_itermax = 2000
                tol0 = 0.050000
            scaleTol = 0.600000
              minTol = 0.001000
          triag_iter = 3
           pent_iter = 3
           hept_iter = 3
      max_outer_iter = 12
          extra_iter = 5
    violated_TriIneq = 0.001000
             TriIneq = 800
      adjust_TriIneq = 1
            PentIneq = 5000
           HeptaIneq = 5000
         Pent_Trials = 60
        Hepta_Trials = 50
        include_Pent = 1
       include_Hepta = 1
                root = 0
            use_diff = 1
   branchingStrategy = 1

Nodes = 35
Root node bound = 255.35
Maximum value = 242
Solution = ( 6 12 13 14 16 19 20 21 22 23 25 28 30 31 36 40 42 48 51 54 57 61 62 63 68 69 70 75 77 79 )
Time = 9.48 s

Number of cores: 10
Maximum number of workers used: 9
