Input file: Instances/rudy/pm1d_100.4

Graph has 100 vertices and 4901 edges.
Parameters:
              sigma0 = 1.000000
          scaleSigma = 1.001000
        ADMM_itermax = 2000
                tol0 = 0.050000
            scaleTol = 0.600000
              minTol = 0.001000
          triag_iter = 3
           pent_iter = 3
           hept_iter = 3
      max_outer_iter = 12
          extra_iter = 5
    violated_TriIneq = 0.001000
             TriIneq = 1000
      adjust_TriIneq = 1
            PentIneq = 5000
           HeptaIneq = 5000
         Pent_Trials = 60
        Hepta_Trials = 50
        include_Pent = 1
       include_Hepta = 1
                root = 0
            use_diff = 1
   branchingStrategy = 1

Nodes = 629
Root node bound = 388.93
Maximum value = 363
Solution = ( 1 3 4 5 6 9 12 14 15 16 17 18 21 23 24 25 26 30 31 33 35 36 39 41 44 46 48 52 53 54 55 56 57 62 64 65 66 67 68 71 72 73 75 77 79 80 81 82 85 86 90 93 94 98 99 )
Time = 28.34 s

Number of cores: 10
Maximum number of workers used: 9
