Input file: Instances/rudy/pm1d_100.9

Graph has 100 vertices and 4901 edges.
Parameters:
              sigma0 = 1.000000
          scaleSigma = 1.001000
        ADMM_itermax = 2000
                tol0 = 0.050000
            scaleTol = 0.600000
              minTol = 0.001000
          triag_iter = 3
           pent_iter = 3
           hept_iter = 3
      max_outer_iter = 12
          extra_iter = 5
    violated_TriIneq = 0.001000
             TriIneq = 1000
      adjust_TriIneq = 1
            PentIneq = 5000
           HeptaIneq = 5000
         Pent_Trials = 60
        Hepta_Trials = 50
        include_Pent = 1
       include_Hepta = 1
                root = 0
            use_diff = 1
   branchingStrategy = 1

Nodes = 89
Root node bound = 422.83
Maximum value = 405
Solution = ( 1 3 4 5 6 12 14 15 18 20 21 22 24 25 27 29 30 31 33 36 38 39 41 42 44 45 46 49 51 53 55 58 61 64 65 66 70 71 75 76 77 78 79 80 85 86 92 93 98 )
Time = 185.32 s

Number of cores: 10
Maximum number of workers used: 9
