Input file: Instances/rudy/pm1d_100.1

Graph has 100 vertices and 4901 edges.
Parameters:
              sigma0 = 1.000000
          scaleSigma = 1.001000
        ADMM_itermax = 2000
                tol0 = 0.050000
            scaleTol = 0.600000
              minTol = 0.001000
          triag_iter = 3
           pent_iter = 3
           hept_iter = 3
      max_outer_iter = 12
          extra_iter = 5
    violated_TriIneq = 0.001000
             TriIneq = 1000
      adjust_TriIneq = 1
            PentIneq = 5000
           HeptaIneq = 5000
         Pent_Trials = 60
        Hepta_Trials = 50
        include_Pent = 1
       include_Hepta = 1
                root = 0
            use_diff = 1
   branchingStrategy = 1

Nodes = 603
Root node bound = 350.01
Maximum value = 324
Solution = ( 2 3 5 7 8 12 17 18 19 20 22 23 24 26 30 31 34 35 37 39 41 43 45 50 51 53 54 55 56 57 58 59 60 61 62 63 64 65 66 67 70 72 76 78 79 82 83 85 87 89 90 91 93 94 95 97 98 )
Time = 30.42 s

Number of cores: 10
Maximum number of workers used: 9
