Input file: Instances/rudy/pm1d_100.3

Graph has 100 vertices and 4901 edges.
Parameters:
              sigma0 = 1.000000
          scaleSigma = 1.001000
        ADMM_itermax = 2000
                tol0 = 0.050000
            scaleTol = 0.600000
              minTol = 0.001000
          triag_iter = 3
           pent_iter = 3
           hept_iter = 3
      max_outer_iter = 12
          extra_iter = 5
    violated_TriIneq = 0.001000
             TriIneq = 1000
      adjust_TriIneq = 1
            PentIneq = 5000
           HeptaIneq = 5000
         Pent_Trials = 60
        Hepta_Trials = 50
        include_Pent = 1
       include_Hepta = 1
                root = 0
            use_diff = 1
   branchingStrategy = 1

Nodes = 107
Root node bound = 415.99
Maximum value = 400
Solution = ( 2 6 7 10 12 13 14 15 18 22 23 24 25 26 27 28 31 33 34 38 39 40 41 42 43 46 48 49 50 52 54 55 56 58 61 63 64 65 68 69 70 71 73 77 81 83 84 87 88 89 90 92 93 94 95 97 98 )
Time = 27.06 s

Number of cores: 3
Maximum number of workers used: 2
