Input file: Instances/rudy/pm1d_100.5

Graph has 100 vertices and 4901 edges.
Parameters:
              sigma0 = 1.000000
          scaleSigma = 1.001000
        ADMM_itermax = 2000
                tol0 = 0.050000
            scaleTol = 0.600000
              minTol = 0.001000
          triag_iter = 3
           pent_iter = 3
           hept_iter = 3
      max_outer_iter = 12
          extra_iter = 5
    violated_TriIneq = 0.001000
             TriIneq = 1000
      adjust_TriIneq = 1
            PentIneq = 5000
           HeptaIneq = 5000
         Pent_Trials = 60
        Hepta_Trials = 50
        include_Pent = 1
       include_Hepta = 1
                root = 0
            use_diff = 1
   branchingStrategy = 1

Nodes = 63
Root node bound = 458.08
Maximum value = 441
Solution = ( 1 3 6 10 11 13 14 22 25 28 30 31 32 33 34 36 39 41 47 48 52 54 57 58 59 60 62 63 65 68 70 74 80 82 85 89 90 92 95 96 97 )
Time = 140.64 s

Number of cores: 10
Maximum number of workers used: 9
