Input file: Instances/rudy/pm1d_100.8

Graph has 100 vertices and 4901 edges.
Parameters:
              sigma0 = 1.000000
          scaleSigma = 1.001000
        ADMM_itermax = 2000
                tol0 = 0.050000
            scaleTol = 0.600000
              minTol = 0.001000
          triag_iter = 3
           pent_iter = 3
           hept_iter = 3
      max_outer_iter = 12
          extra_iter = 5
    violated_TriIneq = 0.001000
             TriIneq = 1000
      adjust_TriIneq = 1
            PentIneq = 5000
           HeptaIneq = 5000
         Pent_Trials = 60
        Hepta_Trials = 50
        include_Pent = 1
       include_Hepta = 1
                root = 0
            use_diff = 1
   branchingStrategy = 1

Nodes = 63
Root node bound = 394.26
Maximum value = 385
Solution = ( 1 3 4 5 7 10 14 15 18 19 21 22 24 25 26 29 30 33 34 37 39 41 42 45 47 52 53 55 59 61 63 70 72 73 74 75 78 79 82 84 85 92 95 97 99 )
Time = 4.18 s

Number of cores: 10
Maximum number of workers used: 9
