Input file: Instances/rudy/pm1d_80.3

Graph has 80 vertices and 3128 edges.
Parameters:
              sigma0 = 1.000000
          scaleSigma = 1.001000
        ADMM_itermax = 2000
                tol0 = 0.050000
            scaleTol = 0.600000
              minTol = 0.001000
          triag_iter = 3
           pent_iter = 3
           hept_iter = 3
      max_outer_iter = 12
          extra_iter = 5
    violated_TriIneq = 0.001000
             TriIneq = 800
      adjust_TriIneq = 1
            PentIneq = 5000
           HeptaIneq = 5000
         Pent_Trials = 60
        Hepta_Trials = 50
        include_Pent = 1
       include_Hepta = 1
                root = 0
            use_diff = 1
   branchingStrategy = 1

Nodes = 5
Root node bound = 294.56
Maximum value = 291
Solution = ( 1 3 6 7 8 9 10 11 13 14 16 17 21 22 28 31 33 34 36 38 39 40 43 46 49 50 51 52 54 56 59 62 63 66 67 68 71 73 74 76 77 79 )
Time = 3.33 s

Number of cores: 10
Maximum number of workers used: 3
