Input file: Instances/rudy/pm1d_80.8

Graph has 80 vertices and 3128 edges.
Parameters:
              sigma0 = 1.000000
          scaleSigma = 1.001000
        ADMM_itermax = 2000
                tol0 = 0.050000
            scaleTol = 0.600000
              minTol = 0.001000
          triag_iter = 3
           pent_iter = 3
           hept_iter = 3
      max_outer_iter = 12
          extra_iter = 5
    violated_TriIneq = 0.001000
             TriIneq = 800
      adjust_TriIneq = 1
            PentIneq = 5000
           HeptaIneq = 5000
         Pent_Trials = 60
        Hepta_Trials = 50
        include_Pent = 1
       include_Hepta = 1
                root = 0
            use_diff = 1
   branchingStrategy = 1

Nodes = 7
Root node bound = 296.23
Maximum value = 293
Solution = ( 6 10 13 14 16 17 21 22 25 26 28 31 32 33 34 35 36 38 39 41 42 43 44 48 51 53 54 57 58 60 61 64 65 68 69 71 74 76 77 78 )
Time = 6.80 s

Number of cores: 3
Maximum number of workers used: 2
