Input file: Instances/rudy/pm1d_100.0

Graph has 100 vertices and 4901 edges.
Parameters:
              sigma0 = 1.000000
          scaleSigma = 1.001000
        ADMM_itermax = 2000
                tol0 = 0.050000
            scaleTol = 0.600000
              minTol = 0.001000
          triag_iter = 3
           pent_iter = 3
           hept_iter = 3
      max_outer_iter = 12
          extra_iter = 5
    violated_TriIneq = 0.001000
             TriIneq = 1000
      adjust_TriIneq = 1
            PentIneq = 5000
           HeptaIneq = 5000
         Pent_Trials = 60
        Hepta_Trials = 50
        include_Pent = 1
       include_Hepta = 1
                root = 0
            use_diff = 1
   branchingStrategy = 1

Nodes = 345
Root node bound = 362.31
Maximum value = 340
Solution = ( 1 2 4 5 7 8 12 14 15 20 21 22 23 26 27 28 29 32 35 37 39 40 42 43 44 46 48 52 55 56 59 60 62 65 68 69 73 76 79 80 82 84 85 87 88 90 91 92 95 97 98 99 )
Time = 16.35 s

Number of cores: 10
Maximum number of workers used: 9
