Input file: Instances/rudy/pm1d_80.4

Graph has 80 vertices and 3128 edges.
Parameters:
              sigma0 = 1.000000
          scaleSigma = 1.001000
        ADMM_itermax = 2000
                tol0 = 0.050000
            scaleTol = 0.600000
              minTol = 0.001000
          triag_iter = 3
           pent_iter = 3
           hept_iter = 3
      max_outer_iter = 12
          extra_iter = 5
    violated_TriIneq = 0.001000
             TriIneq = 800
      adjust_TriIneq = 1
            PentIneq = 5000
           HeptaIneq = 5000
         Pent_Trials = 60
        Hepta_Trials = 50
        include_Pent = 1
       include_Hepta = 1
                root = 0
            use_diff = 1
   branchingStrategy = 1

Nodes = 61
Root node bound = 255.31
Maximum value = 251
Solution = ( 4 5 7 8 9 10 12 16 19 21 23 25 26 28 30 34 35 38 39 43 45 48 52 54 62 67 69 74 75 )
Time = 4.85 s

Number of cores: 3
Maximum number of workers used: 2
