Input file: Instances/rudy/pm1d_80.1

Graph has 80 vertices and 3128 edges.
Parameters:
              sigma0 = 1.000000
          scaleSigma = 1.001000
        ADMM_itermax = 2000
                tol0 = 0.050000
            scaleTol = 0.600000
              minTol = 0.001000
          triag_iter = 3
           pent_iter = 3
           hept_iter = 3
      max_outer_iter = 12
          extra_iter = 5
    violated_TriIneq = 0.001000
             TriIneq = 800
      adjust_TriIneq = 1
            PentIneq = 5000
           HeptaIneq = 5000
         Pent_Trials = 60
        Hepta_Trials = 50
        include_Pent = 1
       include_Hepta = 1
                root = 0
            use_diff = 1
   branchingStrategy = 1

Nodes = 35
Root node bound = 256.59
Maximum value = 245
Solution = ( 3 10 11 16 18 19 22 23 25 29 31 34 35 36 41 43 46 48 49 53 55 58 60 61 62 65 66 68 69 71 73 74 75 78 )
Time = 7.21 s

Number of cores: 10
Maximum number of workers used: 9
