Input file: Instances/rudy/pm1s_80.9

Graph has 80 vertices and 316 edges.
Parameters:
              sigma0 = 1.000000
          scaleSigma = 1.001000
        ADMM_itermax = 2000
                tol0 = 0.050000
            scaleTol = 0.600000
              minTol = 0.001000
          triag_iter = 3
           pent_iter = 3
           hept_iter = 3
      max_outer_iter = 12
          extra_iter = 5
    violated_TriIneq = 0.001000
             TriIneq = 800
      adjust_TriIneq = 1
            PentIneq = 5000
           HeptaIneq = 5000
         Pent_Trials = 60
        Hepta_Trials = 50
        include_Pent = 1
       include_Hepta = 1
                root = 0
            use_diff = 1
   branchingStrategy = 1

Nodes = 1
Root node bound = 70.94
Maximum value = 70
Solution = ( 1 2 5 7 13 14 16 17 20 21 23 24 28 29 30 31 34 36 38 39 40 41 42 43 45 46 48 50 52 54 55 57 60 62 63 65 66 68 72 73 76 77 78 79 )
Time = 0.45 s

Number of cores: 10
Maximum number of workers used: 0
