Input file: Instances/rudy/pm1s_80.4

Graph has 80 vertices and 316 edges.
Parameters:
              sigma0 = 1.000000
          scaleSigma = 1.001000
        ADMM_itermax = 2000
                tol0 = 0.050000
            scaleTol = 0.600000
              minTol = 0.001000
          triag_iter = 3
           pent_iter = 3
           hept_iter = 3
      max_outer_iter = 12
          extra_iter = 5
    violated_TriIneq = 0.001000
             TriIneq = 800
      adjust_TriIneq = 1
            PentIneq = 5000
           HeptaIneq = 5000
         Pent_Trials = 60
        Hepta_Trials = 50
        include_Pent = 1
       include_Hepta = 1
                root = 0
            use_diff = 1
   branchingStrategy = 1

Nodes = 1
Root node bound = 70.55
Maximum value = 70
Solution = ( 2 3 4 5 6 7 8 9 12 14 15 16 17 18 20 21 24 26 27 28 31 35 36 37 38 39 42 44 45 46 51 54 55 58 61 63 64 65 66 68 69 71 72 73 77 78 )
Time = 0.57 s

Number of cores: 3
Maximum number of workers used: 0
