Input file: Instances/rudy/pm1s_100.0

Graph has 100 vertices and 495 edges.
Parameters:
              sigma0 = 1.000000
          scaleSigma = 1.001000
        ADMM_itermax = 2000
                tol0 = 0.050000
            scaleTol = 0.600000
              minTol = 0.001000
          triag_iter = 3
           pent_iter = 3
           hept_iter = 3
      max_outer_iter = 12
          extra_iter = 5
    violated_TriIneq = 0.001000
             TriIneq = 1000
      adjust_TriIneq = 1
            PentIneq = 5000
           HeptaIneq = 5000
         Pent_Trials = 60
        Hepta_Trials = 50
        include_Pent = 1
       include_Hepta = 1
                root = 0
            use_diff = 1
   branchingStrategy = 1

Nodes = 1
Root node bound = 128.00
Maximum value = 127
Solution = ( 1 2 5 7 8 9 13 14 15 16 18 19 22 23 24 26 27 34 35 36 37 38 42 44 46 47 49 52 54 55 58 61 62 63 68 70 71 73 75 77 78 80 81 82 83 86 88 91 94 95 96 97 98 )
Time = 2.27 s

Number of cores: 10
Maximum number of workers used: 0
