Input file: Instances/rudy/pm1s_100.9

Graph has 100 vertices and 495 edges.
Parameters:
              sigma0 = 1.000000
          scaleSigma = 1.001000
        ADMM_itermax = 2000
                tol0 = 0.050000
            scaleTol = 0.600000
              minTol = 0.001000
          triag_iter = 3
           pent_iter = 3
           hept_iter = 3
      max_outer_iter = 12
          extra_iter = 5
    violated_TriIneq = 0.001000
             TriIneq = 1000
      adjust_TriIneq = 1
            PentIneq = 5000
           HeptaIneq = 5000
         Pent_Trials = 60
        Hepta_Trials = 50
        include_Pent = 1
       include_Hepta = 1
                root = 0
            use_diff = 1
   branchingStrategy = 1

Nodes = 1
Root node bound = 127.89
Maximum value = 127
Solution = ( 1 5 6 7 8 9 10 15 17 20 24 27 28 29 34 35 39 40 42 44 45 46 48 51 53 54 55 59 62 63 67 68 69 70 71 72 73 77 78 81 82 83 85 86 88 89 90 93 95 96 98 99 )
Time = 2.48 s

Number of cores: 10
Maximum number of workers used: 0
