Input file: Instances/rudy/pm1s_80.3

Graph has 80 vertices and 316 edges.
Parameters:
              sigma0 = 1.000000
          scaleSigma = 1.001000
        ADMM_itermax = 2000
                tol0 = 0.050000
            scaleTol = 0.600000
              minTol = 0.001000
          triag_iter = 3
           pent_iter = 3
           hept_iter = 3
      max_outer_iter = 12
          extra_iter = 5
    violated_TriIneq = 0.001000
             TriIneq = 800
      adjust_TriIneq = 1
            PentIneq = 5000
           HeptaIneq = 5000
         Pent_Trials = 60
        Hepta_Trials = 50
        include_Pent = 1
       include_Hepta = 1
                root = 0
            use_diff = 1
   branchingStrategy = 1

Nodes = 1
Root node bound = 81.69
Maximum value = 81
Solution = ( 1 2 3 7 10 11 12 15 18 20 25 26 29 34 35 36 37 39 42 46 47 51 53 54 55 65 69 71 72 74 75 78 79 )
Time = 1.34 s

Number of cores: 10
Maximum number of workers used: 0
