Input file: Instances/rudy/pm1s_80.6

Graph has 80 vertices and 316 edges.
Parameters:
              sigma0 = 1.000000
          scaleSigma = 1.001000
        ADMM_itermax = 2000
                tol0 = 0.050000
            scaleTol = 0.600000
              minTol = 0.001000
          triag_iter = 3
           pent_iter = 3
           hept_iter = 3
      max_outer_iter = 12
          extra_iter = 5
    violated_TriIneq = 0.001000
             TriIneq = 800
      adjust_TriIneq = 1
            PentIneq = 5000
           HeptaIneq = 5000
         Pent_Trials = 60
        Hepta_Trials = 50
        include_Pent = 1
       include_Hepta = 1
                root = 0
            use_diff = 1
   branchingStrategy = 1

Nodes = 1
Root node bound = 73.86
Maximum value = 73
Solution = ( 4 6 11 17 19 20 21 26 27 28 29 32 33 35 37 38 42 43 46 48 50 52 53 58 59 60 63 64 65 66 70 71 77 79 )
Time = 0.85 s

Number of cores: 10
Maximum number of workers used: 0
