Input file: Instances/rudy/pm1s_80.7

Graph has 80 vertices and 316 edges.
Parameters:
              sigma0 = 1.000000
          scaleSigma = 1.001000
        ADMM_itermax = 2000
                tol0 = 0.050000
            scaleTol = 0.600000
              minTol = 0.001000
          triag_iter = 3
           pent_iter = 3
           hept_iter = 3
      max_outer_iter = 12
          extra_iter = 5
    violated_TriIneq = 0.001000
             TriIneq = 800
      adjust_TriIneq = 1
            PentIneq = 5000
           HeptaIneq = 5000
         Pent_Trials = 60
        Hepta_Trials = 50
        include_Pent = 1
       include_Hepta = 1
                root = 0
            use_diff = 1
   branchingStrategy = 1

Nodes = 1
Root node bound = 83.84
Maximum value = 83
Solution = ( 1 2 3 5 6 8 9 10 11 12 15 16 21 22 27 28 29 30 34 37 38 39 40 41 42 44 45 46 50 52 53 57 62 63 66 67 71 76 78 )
Time = 0.42 s

Number of cores: 10
Maximum number of workers used: 0
