Input file: Instances/rudy/pm1s_100.5

Graph has 100 vertices and 495 edges.
Parameters:
              sigma0 = 1.000000
          scaleSigma = 1.001000
        ADMM_itermax = 2000
                tol0 = 0.050000
            scaleTol = 0.600000
              minTol = 0.001000
          triag_iter = 3
           pent_iter = 3
           hept_iter = 3
      max_outer_iter = 12
          extra_iter = 5
    violated_TriIneq = 0.001000
             TriIneq = 1000
      adjust_TriIneq = 1
            PentIneq = 5000
           HeptaIneq = 5000
         Pent_Trials = 60
        Hepta_Trials = 50
        include_Pent = 1
       include_Hepta = 1
                root = 0
            use_diff = 1
   branchingStrategy = 1

Nodes = 7
Root node bound = 129.08
Maximum value = 128
Solution = ( 3 6 7 8 11 13 14 15 17 19 20 21 22 24 26 28 32 35 36 37 39 40 41 42 45 46 47 48 49 51 54 55 56 58 59 61 68 73 76 77 80 82 83 92 93 97 98 )
Time = 3.58 s

Number of cores: 3
Maximum number of workers used: 2
