Input file: Instances/rudy/pm1s_100.2

Graph has 100 vertices and 495 edges.
Parameters:
              sigma0 = 1.000000
          scaleSigma = 1.001000
        ADMM_itermax = 2000
                tol0 = 0.050000
            scaleTol = 0.600000
              minTol = 0.001000
          triag_iter = 3
           pent_iter = 3
           hept_iter = 3
      max_outer_iter = 12
          extra_iter = 5
    violated_TriIneq = 0.001000
             TriIneq = 1000
      adjust_TriIneq = 1
            PentIneq = 5000
           HeptaIneq = 5000
         Pent_Trials = 60
        Hepta_Trials = 50
        include_Pent = 1
       include_Hepta = 1
                root = 0
            use_diff = 1
   branchingStrategy = 1

Nodes = 1
Root node bound = 125.91
Maximum value = 125
Solution = ( 1 3 4 6 10 11 12 14 15 18 19 20 21 24 26 28 29 30 32 33 36 37 46 47 48 55 56 60 62 63 68 70 71 72 74 75 77 78 83 84 85 89 91 92 93 95 96 97 99 )
Time = 1.31 s

Number of cores: 10
Maximum number of workers used: 0
