Input file: Instances/rudy/pm1s_80.3

Graph has 80 vertices and 316 edges.
Parameters:
              sigma0 = 1.000000
          scaleSigma = 1.001000
        ADMM_itermax = 2000
                tol0 = 0.050000
            scaleTol = 0.600000
              minTol = 0.001000
          triag_iter = 3
           pent_iter = 3
           hept_iter = 3
      max_outer_iter = 12
          extra_iter = 5
    violated_TriIneq = 0.001000
             TriIneq = 800
      adjust_TriIneq = 1
            PentIneq = 5000
           HeptaIneq = 5000
         Pent_Trials = 60
        Hepta_Trials = 50
        include_Pent = 1
       include_Hepta = 1
                root = 0
            use_diff = 1
   branchingStrategy = 1

Nodes = 1
Root node bound = 81.70
Maximum value = 81
Solution = ( 1 6 7 8 9 11 13 14 16 17 19 21 22 23 24 27 28 29 31 32 33 37 38 41 42 43 45 48 49 50 52 53 54 56 57 59 60 61 62 63 64 66 67 68 70 73 74 76 79 )
Time = 40.67 s

Number of cores: 10
Maximum number of workers used: 0
