Input file: Instances/rudy/pm1s_80.2

Graph has 80 vertices and 316 edges.
Parameters:
              sigma0 = 1.000000
          scaleSigma = 1.001000
        ADMM_itermax = 2000
                tol0 = 0.050000
            scaleTol = 0.600000
              minTol = 0.001000
          triag_iter = 3
           pent_iter = 3
           hept_iter = 3
      max_outer_iter = 12
          extra_iter = 5
    violated_TriIneq = 0.001000
             TriIneq = 800
      adjust_TriIneq = 1
            PentIneq = 5000
           HeptaIneq = 5000
         Pent_Trials = 60
        Hepta_Trials = 50
        include_Pent = 1
       include_Hepta = 1
                root = 0
            use_diff = 1
   branchingStrategy = 1

Nodes = 3
Root node bound = 83.26
Maximum value = 82
Solution = ( 2 3 4 7 8 12 15 16 17 20 22 23 25 26 27 28 36 37 38 40 41 43 44 45 48 51 53 55 56 57 58 60 61 63 64 65 66 67 73 75 79 )
Time = 2.98 s

Number of cores: 10
Maximum number of workers used: 2
