Input file: Instances/rudy/pm1s_80.8

Graph has 80 vertices and 316 edges.
Parameters:
              sigma0 = 1.000000
          scaleSigma = 1.001000
        ADMM_itermax = 2000
                tol0 = 0.050000
            scaleTol = 0.600000
              minTol = 0.001000
          triag_iter = 3
           pent_iter = 3
           hept_iter = 3
      max_outer_iter = 12
          extra_iter = 5
    violated_TriIneq = 0.001000
             TriIneq = 800
      adjust_TriIneq = 1
            PentIneq = 5000
           HeptaIneq = 5000
         Pent_Trials = 60
        Hepta_Trials = 50
        include_Pent = 1
       include_Hepta = 1
                root = 0
            use_diff = 1
   branchingStrategy = 1

Nodes = 1
Root node bound = 81.62
Maximum value = 81
Solution = ( 1 3 4 7 11 13 15 17 18 21 25 27 28 29 31 32 33 36 38 40 42 43 46 47 49 51 53 54 55 56 59 61 64 65 66 67 68 71 72 73 75 76 78 79 )
Time = 1.69 s

Number of cores: 3
Maximum number of workers used: 0
