Input file: Instances/rudy/pm1s_80.0

Graph has 80 vertices and 316 edges.
Parameters:
              sigma0 = 1.000000
          scaleSigma = 1.001000
        ADMM_itermax = 2000
                tol0 = 0.050000
            scaleTol = 0.600000
              minTol = 0.001000
          triag_iter = 3
           pent_iter = 3
           hept_iter = 3
      max_outer_iter = 12
          extra_iter = 5
    violated_TriIneq = 0.001000
             TriIneq = 800
      adjust_TriIneq = 1
            PentIneq = 5000
           HeptaIneq = 5000
         Pent_Trials = 60
        Hepta_Trials = 50
        include_Pent = 1
       include_Hepta = 1
                root = 0
            use_diff = 1
   branchingStrategy = 1

Nodes = 1
Root node bound = 79.45
Maximum value = 79
Solution = ( 1 3 6 11 13 19 20 21 23 25 26 27 28 29 30 31 32 35 37 40 42 48 50 52 54 56 57 58 60 67 69 70 72 73 78 )
Time = 0.52 s

Number of cores: 3
Maximum number of workers used: 0
