Input file: Instances/rudy/pm1s_80.1

Graph has 80 vertices and 316 edges.
Parameters:
              sigma0 = 1.000000
          scaleSigma = 1.001000
        ADMM_itermax = 2000
                tol0 = 0.050000
            scaleTol = 0.600000
              minTol = 0.001000
          triag_iter = 3
           pent_iter = 3
           hept_iter = 3
      max_outer_iter = 12
          extra_iter = 5
    violated_TriIneq = 0.001000
             TriIneq = 800
      adjust_TriIneq = 1
            PentIneq = 5000
           HeptaIneq = 5000
         Pent_Trials = 60
        Hepta_Trials = 50
        include_Pent = 1
       include_Hepta = 1
                root = 0
            use_diff = 1
   branchingStrategy = 1

Nodes = 1
Root node bound = 85.63
Maximum value = 85
Solution = ( 3 7 12 13 14 15 16 21 22 23 25 26 27 28 30 33 36 38 40 41 42 46 52 55 56 59 60 62 65 66 70 71 72 73 74 75 77 78 79 )
Time = 49.26 s

Number of cores: 10
Maximum number of workers used: 0
