Input file: Instances/rudy/pm1s_100.1

Graph has 100 vertices and 495 edges.
Parameters:
              sigma0 = 1.000000
          scaleSigma = 1.001000
        ADMM_itermax = 2000
                tol0 = 0.050000
            scaleTol = 0.600000
              minTol = 0.001000
          triag_iter = 3
           pent_iter = 3
           hept_iter = 3
      max_outer_iter = 12
          extra_iter = 5
    violated_TriIneq = 0.001000
             TriIneq = 1000
      adjust_TriIneq = 1
            PentIneq = 5000
           HeptaIneq = 5000
         Pent_Trials = 60
        Hepta_Trials = 50
        include_Pent = 1
       include_Hepta = 1
                root = 0
            use_diff = 1
   branchingStrategy = 1

Nodes = 23
Root node bound = 129.37
Maximum value = 126
Solution = ( 2 3 4 10 11 12 13 14 15 20 21 22 24 25 26 28 30 35 36 38 41 43 44 48 49 50 51 53 56 57 59 61 63 64 66 68 69 75 76 77 79 82 84 86 87 89 93 95 )
Time = 4.25 s

Number of cores: 10
Maximum number of workers used: 9
