Input file: Instances/rudy/pm1s_100.6

Graph has 100 vertices and 495 edges.
Parameters:
              sigma0 = 1.000000
          scaleSigma = 1.001000
        ADMM_itermax = 2000
                tol0 = 0.050000
            scaleTol = 0.600000
              minTol = 0.001000
          triag_iter = 3
           pent_iter = 3
           hept_iter = 3
      max_outer_iter = 12
          extra_iter = 5
    violated_TriIneq = 0.001000
             TriIneq = 1000
      adjust_TriIneq = 1
            PentIneq = 5000
           HeptaIneq = 5000
         Pent_Trials = 60
        Hepta_Trials = 50
        include_Pent = 1
       include_Hepta = 1
                root = 0
            use_diff = 1
   branchingStrategy = 1

Nodes = 13
Root node bound = 124.82
Maximum value = 122
Solution = ( 5 6 8 11 13 14 16 17 18 19 21 22 28 29 32 33 34 35 38 40 42 44 45 46 48 49 54 55 56 57 59 63 65 67 73 75 79 80 81 82 83 84 89 90 93 95 99 )
Time = 4.05 s

Number of cores: 10
Maximum number of workers used: 7
