Input file: Instances/rudy/pm1s_100.4

Graph has 100 vertices and 495 edges.
Parameters:
              sigma0 = 1.000000
          scaleSigma = 1.001000
        ADMM_itermax = 2000
                tol0 = 0.050000
            scaleTol = 0.600000
              minTol = 0.001000
          triag_iter = 3
           pent_iter = 3
           hept_iter = 3
      max_outer_iter = 12
          extra_iter = 5
    violated_TriIneq = 0.001000
             TriIneq = 1000
      adjust_TriIneq = 1
            PentIneq = 5000
           HeptaIneq = 5000
         Pent_Trials = 60
        Hepta_Trials = 50
        include_Pent = 1
       include_Hepta = 1
                root = 0
            use_diff = 1
   branchingStrategy = 1

Nodes = 7
Root node bound = 130.51
Maximum value = 128
Solution = ( 3 6 7 8 9 10 12 14 18 19 20 21 22 24 29 30 32 33 35 36 38 39 40 41 42 46 47 49 50 51 52 53 54 56 57 58 62 63 65 67 69 70 73 74 78 79 81 82 83 84 85 86 87 88 92 94 96 )
Time = 4.31 s

Number of cores: 10
Maximum number of workers used: 4
