Input file: Instances/rudy/pm1s_100.3

Graph has 100 vertices and 495 edges.
Parameters:
              sigma0 = 1.000000
          scaleSigma = 1.001000
        ADMM_itermax = 2000
                tol0 = 0.050000
            scaleTol = 0.600000
              minTol = 0.001000
          triag_iter = 3
           pent_iter = 3
           hept_iter = 3
      max_outer_iter = 12
          extra_iter = 5
    violated_TriIneq = 0.001000
             TriIneq = 1000
      adjust_TriIneq = 1
            PentIneq = 5000
           HeptaIneq = 5000
         Pent_Trials = 60
        Hepta_Trials = 50
        include_Pent = 1
       include_Hepta = 1
                root = 0
            use_diff = 1
   branchingStrategy = 1

Nodes = 13
Root node bound = 114.58
Maximum value = 111
Solution = ( 1 3 6 15 20 21 23 28 29 30 33 34 36 38 41 42 44 45 46 47 50 52 53 54 56 61 62 67 68 69 70 71 73 74 75 80 82 83 84 87 90 91 92 94 95 96 )
Time = 5.29 s

Number of cores: 10
Maximum number of workers used: 7
