Input file: Instances/rudy/pw01_100.9

Graph has 100 vertices and 495 edges.
Parameters:
              sigma0 = 1.000000
          scaleSigma = 1.001000
        ADMM_itermax = 2000
                tol0 = 0.050000
            scaleTol = 0.600000
              minTol = 0.001000
          triag_iter = 3
           pent_iter = 3
           hept_iter = 3
      max_outer_iter = 12
          extra_iter = 5
    violated_TriIneq = 0.001000
             TriIneq = 1000
      adjust_TriIneq = 1
            PentIneq = 5000
           HeptaIneq = 5000
         Pent_Trials = 60
        Hepta_Trials = 50
        include_Pent = 1
       include_Hepta = 1
                root = 0
            use_diff = 1
   branchingStrategy = 1

Nodes = 15
Root node bound = 2017.38
Maximum value = 2005
Solution = ( 2 4 9 11 12 16 18 20 27 28 29 33 36 37 38 39 40 41 42 43 44 45 46 47 50 51 52 55 60 62 63 69 70 71 72 73 80 81 82 83 85 86 87 88 90 91 92 96 97 99 )
Time = 163.26 s

Number of cores: 10
Maximum number of workers used: 4
