Input file: Instances/rudy/pw01_100.6

Graph has 100 vertices and 495 edges.
Parameters:
              sigma0 = 1.000000
          scaleSigma = 1.001000
        ADMM_itermax = 2000
                tol0 = 0.050000
            scaleTol = 0.600000
              minTol = 0.001000
          triag_iter = 3
           pent_iter = 3
           hept_iter = 3
      max_outer_iter = 12
          extra_iter = 5
    violated_TriIneq = 0.001000
             TriIneq = 1000
      adjust_TriIneq = 1
            PentIneq = 5000
           HeptaIneq = 5000
         Pent_Trials = 60
        Hepta_Trials = 50
        include_Pent = 1
       include_Hepta = 1
                root = 0
            use_diff = 1
   branchingStrategy = 1

Nodes = 7
Root node bound = 2033.29
Maximum value = 2032
Solution = ( 2 7 10 11 13 15 16 17 18 19 20 21 23 24 25 29 31 32 38 39 41 46 47 48 50 52 53 55 59 60 62 63 64 65 68 69 73 74 76 80 82 83 85 86 88 92 93 96 99 )
Time = 7.06 s

Number of cores: 3
Maximum number of workers used: 2
