Input file: Instances/rudy/pw01_100.3

Graph has 100 vertices and 495 edges.
Parameters:
              sigma0 = 1.000000
          scaleSigma = 1.001000
        ADMM_itermax = 2000
                tol0 = 0.050000
            scaleTol = 0.600000
              minTol = 0.001000
          triag_iter = 3
           pent_iter = 3
           hept_iter = 3
      max_outer_iter = 12
          extra_iter = 5
    violated_TriIneq = 0.001000
             TriIneq = 1000
      adjust_TriIneq = 1
            PentIneq = 5000
           HeptaIneq = 5000
         Pent_Trials = 60
        Hepta_Trials = 50
        include_Pent = 1
       include_Hepta = 1
                root = 0
            use_diff = 1
   branchingStrategy = 1

Nodes = 3
Root node bound = 2074.27
Maximum value = 2067
Solution = ( 2 5 6 9 10 14 16 17 19 21 22 25 26 27 28 31 34 35 38 39 42 43 46 48 52 53 54 55 57 60 62 63 64 65 66 69 71 73 75 76 78 79 81 83 86 88 92 95 )
Time = 5.23 s

Number of cores: 10
Maximum number of workers used: 2
