Input file: Instances/rudy/pw01_100.7

Graph has 100 vertices and 495 edges.
Parameters:
              sigma0 = 1.000000
          scaleSigma = 1.001000
        ADMM_itermax = 2000
                tol0 = 0.050000
            scaleTol = 0.600000
              minTol = 0.001000
          triag_iter = 3
           pent_iter = 3
           hept_iter = 3
      max_outer_iter = 12
          extra_iter = 5
    violated_TriIneq = 0.001000
             TriIneq = 1000
      adjust_TriIneq = 1
            PentIneq = 5000
           HeptaIneq = 5000
         Pent_Trials = 60
        Hepta_Trials = 50
        include_Pent = 1
       include_Hepta = 1
                root = 0
            use_diff = 1
   branchingStrategy = 1

Nodes = 3
Root node bound = 2078.42
Maximum value = 2074
Solution = ( 2 5 6 8 9 10 11 13 14 15 18 19 20 21 22 27 28 29 30 31 33 34 35 37 38 41 42 43 45 53 54 55 57 63 65 66 68 70 72 79 80 82 83 84 88 89 90 93 94 95 97 98 99 )
Time = 4.08 s

Number of cores: 10
Maximum number of workers used: 2
