Input file: Instances/rudy/pw01_100.5

Graph has 100 vertices and 495 edges.
Parameters:
              sigma0 = 1.000000
          scaleSigma = 1.001000
        ADMM_itermax = 2000
                tol0 = 0.050000
            scaleTol = 0.600000
              minTol = 0.001000
          triag_iter = 3
           pent_iter = 3
           hept_iter = 3
      max_outer_iter = 12
          extra_iter = 5
    violated_TriIneq = 0.001000
             TriIneq = 1000
      adjust_TriIneq = 1
            PentIneq = 5000
           HeptaIneq = 5000
         Pent_Trials = 60
        Hepta_Trials = 50
        include_Pent = 1
       include_Hepta = 1
                root = 0
            use_diff = 1
   branchingStrategy = 1

Nodes = 1
Root node bound = 2108.72
Maximum value = 2108
Solution = ( 2 3 6 8 9 12 18 20 21 24 27 28 30 31 32 34 35 36 37 38 42 45 46 47 48 52 53 57 59 60 62 65 66 67 68 69 70 74 79 80 81 83 85 86 87 88 89 90 94 99 )
Time = 1.23 s

Number of cores: 10
Maximum number of workers used: 0
