Input file: Instances/rudy/pw01_100.8

Graph has 100 vertices and 495 edges.
Parameters:
              sigma0 = 1.000000
          scaleSigma = 1.001000
        ADMM_itermax = 2000
                tol0 = 0.050000
            scaleTol = 0.600000
              minTol = 0.001000
          triag_iter = 3
           pent_iter = 3
           hept_iter = 3
      max_outer_iter = 12
          extra_iter = 5
    violated_TriIneq = 0.001000
             TriIneq = 1000
      adjust_TriIneq = 1
            PentIneq = 5000
           HeptaIneq = 5000
         Pent_Trials = 60
        Hepta_Trials = 50
        include_Pent = 1
       include_Hepta = 1
                root = 0
            use_diff = 1
   branchingStrategy = 1

Nodes = 1
Root node bound = 2022.68
Maximum value = 2022
Solution = ( 1 3 4 6 9 11 15 16 18 25 26 30 31 33 34 35 38 39 40 41 43 44 48 50 53 55 57 59 60 63 64 68 69 70 71 72 74 75 77 82 87 89 91 92 93 96 97 98 )
Time = 0.58 s

Number of cores: 10
Maximum number of workers used: 0
