Input file: Instances/rudy/pw01_100.2

Graph has 100 vertices and 495 edges.
Parameters:
              sigma0 = 1.000000
          scaleSigma = 1.001000
        ADMM_itermax = 2000
                tol0 = 0.050000
            scaleTol = 0.600000
              minTol = 0.001000
          triag_iter = 3
           pent_iter = 3
           hept_iter = 3
      max_outer_iter = 12
          extra_iter = 5
    violated_TriIneq = 0.001000
             TriIneq = 1000
      adjust_TriIneq = 1
            PentIneq = 5000
           HeptaIneq = 5000
         Pent_Trials = 60
        Hepta_Trials = 50
        include_Pent = 1
       include_Hepta = 1
                root = 0
            use_diff = 1
   branchingStrategy = 1

Nodes = 5
Root node bound = 2034.47
Maximum value = 2032
Solution = ( 1 2 7 8 9 10 11 12 17 19 21 23 25 26 27 30 34 35 38 39 41 43 45 46 49 50 51 52 53 57 61 62 65 67 68 69 78 79 82 84 85 86 87 89 90 92 93 94 95 96 99 )
Time = 5.53 s

Number of cores: 3
Maximum number of workers used: 2
