Input file: Instances/rudy/pw01_100.9

Graph has 100 vertices and 495 edges.
Parameters:
              sigma0 = 1.000000
          scaleSigma = 1.001000
        ADMM_itermax = 2000
                tol0 = 0.050000
            scaleTol = 0.600000
              minTol = 0.001000
          triag_iter = 3
           pent_iter = 3
           hept_iter = 3
      max_outer_iter = 12
          extra_iter = 5
    violated_TriIneq = 0.001000
             TriIneq = 1000
      adjust_TriIneq = 1
            PentIneq = 5000
           HeptaIneq = 5000
         Pent_Trials = 60
        Hepta_Trials = 50
        include_Pent = 1
       include_Hepta = 1
                root = 0
            use_diff = 1
   branchingStrategy = 1

Nodes = 43
Root node bound = 2021.72
Maximum value = 2005
Solution = ( 6 8 9 11 12 13 16 18 20 27 28 29 31 35 36 37 38 39 40 42 43 45 46 50 51 52 54 57 58 62 63 69 70 71 72 73 75 80 82 83 85 86 87 88 90 92 93 96 97 99 )
Time = 6.11 s

Number of cores: 10
Maximum number of workers used: 9
