Input file: Instances/rudy/pw05_100.3

Graph has 100 vertices and 2475 edges.
Parameters:
              sigma0 = 1.000000
          scaleSigma = 1.001000
        ADMM_itermax = 2000
                tol0 = 0.050000
            scaleTol = 0.600000
              minTol = 0.001000
          triag_iter = 3
           pent_iter = 3
           hept_iter = 3
      max_outer_iter = 12
          extra_iter = 5
    violated_TriIneq = 0.001000
             TriIneq = 1000
      adjust_TriIneq = 1
            PentIneq = 5000
           HeptaIneq = 5000
         Pent_Trials = 60
        Hepta_Trials = 50
        include_Pent = 1
       include_Hepta = 1
                root = 0
            use_diff = 1
   branchingStrategy = 1

Nodes = 23
Root node bound = 8175.54
Maximum value = 8139
Solution = ( 2 5 9 14 17 20 21 22 23 26 27 32 36 37 38 39 40 42 43 44 45 46 49 50 51 55 56 57 60 62 64 65 66 67 68 73 76 77 78 81 82 85 86 87 88 92 93 94 95 96 )
Time = 7.82 s

Number of cores: 10
Maximum number of workers used: 9
