Input file: Instances/rudy/pw05_100.5

Graph has 100 vertices and 2475 edges.
Parameters:
              sigma0 = 1.000000
          scaleSigma = 1.001000
        ADMM_itermax = 2000
                tol0 = 0.050000
            scaleTol = 0.600000
              minTol = 0.001000
          triag_iter = 3
           pent_iter = 3
           hept_iter = 3
      max_outer_iter = 12
          extra_iter = 5
    violated_TriIneq = 0.001000
             TriIneq = 1000
      adjust_TriIneq = 1
            PentIneq = 5000
           HeptaIneq = 5000
         Pent_Trials = 60
        Hepta_Trials = 50
        include_Pent = 1
       include_Hepta = 1
                root = 0
            use_diff = 1
   branchingStrategy = 1

Nodes = 47
Root node bound = 8211.69
Maximum value = 8169
Solution = ( 1 3 4 6 7 8 9 10 14 16 19 21 22 24 27 30 31 33 34 36 40 41 44 45 46 49 50 52 54 56 57 59 60 62 64 66 67 69 71 72 76 80 81 86 90 91 93 96 98 99 )
Time = 7.69 s

Number of cores: 10
Maximum number of workers used: 9
