Input file: Instances/rudy/pw05_100.8

Graph has 100 vertices and 2475 edges.
Parameters:
              sigma0 = 1.000000
          scaleSigma = 1.001000
        ADMM_itermax = 2000
                tol0 = 0.050000
            scaleTol = 0.600000
              minTol = 0.001000
          triag_iter = 3
           pent_iter = 3
           hept_iter = 3
      max_outer_iter = 12
          extra_iter = 5
    violated_TriIneq = 0.001000
             TriIneq = 1000
      adjust_TriIneq = 1
            PentIneq = 5000
           HeptaIneq = 5000
         Pent_Trials = 60
        Hepta_Trials = 50
        include_Pent = 1
       include_Hepta = 1
                root = 0
            use_diff = 1
   branchingStrategy = 1

Nodes = 17
Root node bound = 8212.65
Maximum value = 8199
Solution = ( 1 5 6 9 12 13 14 17 18 19 20 21 26 27 29 30 32 35 41 42 44 47 48 50 51 52 53 56 59 61 69 70 71 73 77 78 79 80 81 82 83 84 85 87 89 90 91 92 )
Time = 23.17 s

Number of cores: 3
Maximum number of workers used: 2
