Input file: Instances/rudy/pw05_100.2

Graph has 100 vertices and 2475 edges.
Parameters:
              sigma0 = 1.000000
          scaleSigma = 1.001000
        ADMM_itermax = 2000
                tol0 = 0.050000
            scaleTol = 0.600000
              minTol = 0.001000
          triag_iter = 3
           pent_iter = 3
           hept_iter = 3
      max_outer_iter = 12
          extra_iter = 5
    violated_TriIneq = 0.001000
             TriIneq = 1000
      adjust_TriIneq = 1
            PentIneq = 5000
           HeptaIneq = 5000
         Pent_Trials = 60
        Hepta_Trials = 50
        include_Pent = 1
       include_Hepta = 1
                root = 0
            use_diff = 1
   branchingStrategy = 1

Nodes = 159
Root node bound = 8105.33
Maximum value = 8039
Solution = ( 2 3 4 6 7 9 12 14 15 17 21 22 23 24 26 27 32 34 35 36 40 43 44 48 49 50 51 54 55 56 57 60 61 62 64 65 67 70 71 75 77 84 85 86 88 90 92 95 96 98 99 )
Time = 15.32 s

Number of cores: 10
Maximum number of workers used: 9
