Input file: Instances/rudy/pw05_100.4

Graph has 100 vertices and 2475 edges.
Parameters:
              sigma0 = 1.000000
          scaleSigma = 1.001000
        ADMM_itermax = 2000
                tol0 = 0.050000
            scaleTol = 0.600000
              minTol = 0.001000
          triag_iter = 3
           pent_iter = 3
           hept_iter = 3
      max_outer_iter = 12
          extra_iter = 5
    violated_TriIneq = 0.001000
             TriIneq = 1000
      adjust_TriIneq = 1
            PentIneq = 5000
           HeptaIneq = 5000
         Pent_Trials = 60
        Hepta_Trials = 50
        include_Pent = 1
       include_Hepta = 1
                root = 0
            use_diff = 1
   branchingStrategy = 1

Nodes = 115
Root node bound = 8191.11
Maximum value = 8125
Solution = ( 4 7 9 10 11 12 19 21 25 26 27 28 29 30 33 37 38 41 42 44 45 46 47 48 51 55 58 62 63 66 67 68 69 71 72 73 75 76 80 81 82 83 85 86 87 89 91 92 93 94 95 96 )
Time = 23.87 s

Number of cores: 10
Maximum number of workers used: 9
