Input file: Instances/rudy/pw05_100.6

Graph has 100 vertices and 2475 edges.
Parameters:
              sigma0 = 1.000000
          scaleSigma = 1.001000
        ADMM_itermax = 2000
                tol0 = 0.050000
            scaleTol = 0.600000
              minTol = 0.001000
          triag_iter = 3
           pent_iter = 3
           hept_iter = 3
      max_outer_iter = 12
          extra_iter = 5
    violated_TriIneq = 0.001000
             TriIneq = 1000
      adjust_TriIneq = 1
            PentIneq = 5000
           HeptaIneq = 5000
         Pent_Trials = 60
        Hepta_Trials = 50
        include_Pent = 1
       include_Hepta = 1
                root = 0
            use_diff = 1
   branchingStrategy = 1

Nodes = 333
Root node bound = 8297.00
Maximum value = 8217
Solution = ( 2 4 5 6 8 12 16 17 18 20 21 22 27 28 30 34 36 38 41 43 44 46 47 50 51 52 53 55 56 57 61 62 63 64 66 67 70 71 73 77 80 83 85 86 88 89 94 95 96 98 )
Time = 630.24 s

Number of cores: 10
Maximum number of workers used: 9
