Input file: Instances/rudy/pw05_100.1

Graph has 100 vertices and 2475 edges.
Parameters:
              sigma0 = 1.000000
          scaleSigma = 1.001000
        ADMM_itermax = 2000
                tol0 = 0.050000
            scaleTol = 0.600000
              minTol = 0.001000
          triag_iter = 3
           pent_iter = 3
           hept_iter = 3
      max_outer_iter = 12
          extra_iter = 5
    violated_TriIneq = 0.001000
             TriIneq = 1000
      adjust_TriIneq = 1
            PentIneq = 5000
           HeptaIneq = 5000
         Pent_Trials = 60
        Hepta_Trials = 50
        include_Pent = 1
       include_Hepta = 1
                root = 0
            use_diff = 1
   branchingStrategy = 1

Nodes = 109
Root node bound = 8106.27
Maximum value = 8045
Solution = ( 3 4 6 8 9 10 13 14 16 17 18 19 20 23 26 27 28 30 31 32 33 37 40 46 47 49 54 57 59 62 63 65 66 67 69 70 72 74 76 78 82 83 87 89 90 92 93 94 97 98 99 )
Time = 13.19 s

Number of cores: 10
Maximum number of workers used: 9
