Input file: Instances/rudy/pw05_100.7

Graph has 100 vertices and 2475 edges.
Parameters:
              sigma0 = 1.000000
          scaleSigma = 1.001000
        ADMM_itermax = 2000
                tol0 = 0.050000
            scaleTol = 0.600000
              minTol = 0.001000
          triag_iter = 3
           pent_iter = 3
           hept_iter = 3
      max_outer_iter = 12
          extra_iter = 5
    violated_TriIneq = 0.001000
             TriIneq = 1000
      adjust_TriIneq = 1
            PentIneq = 5000
           HeptaIneq = 5000
         Pent_Trials = 60
        Hepta_Trials = 50
        include_Pent = 1
       include_Hepta = 1
                root = 0
            use_diff = 1
   branchingStrategy = 1

Nodes = 49
Root node bound = 8301.01
Maximum value = 8249
Solution = ( 1 3 6 7 10 12 16 19 20 21 22 23 24 25 26 32 35 36 37 38 39 41 44 45 46 47 48 50 51 56 58 59 65 68 69 70 71 72 73 74 75 76 83 85 86 88 90 93 96 97 )
Time = 18.57 s

Number of cores: 10
Maximum number of workers used: 9
