Input file: Instances/rudy/pw05_100.0

Graph has 100 vertices and 2475 edges.
Parameters:
              sigma0 = 1.000000
          scaleSigma = 1.001000
        ADMM_itermax = 2000
                tol0 = 0.050000
            scaleTol = 0.600000
              minTol = 0.001000
          triag_iter = 3
           pent_iter = 3
           hept_iter = 3
      max_outer_iter = 12
          extra_iter = 5
    violated_TriIneq = 0.001000
             TriIneq = 1000
      adjust_TriIneq = 1
            PentIneq = 5000
           HeptaIneq = 5000
         Pent_Trials = 60
        Hepta_Trials = 50
        include_Pent = 1
       include_Hepta = 1
                root = 0
            use_diff = 1
   branchingStrategy = 1

Nodes = 377
Root node bound = 8273.15
Maximum value = 8190
Solution = ( 1 4 6 7 8 12 14 15 17 20 21 22 25 27 28 30 31 34 35 38 42 43 44 45 47 48 49 50 52 55 56 58 59 61 62 63 66 67 72 73 74 79 83 86 87 92 93 94 95 97 )
Time = 210.48 s

Number of cores: 3
Maximum number of workers used: 2
