Input file: Instances/rudy/pw09_100.9

Graph has 100 vertices and 4455 edges.
Parameters:
              sigma0 = 1.000000
          scaleSigma = 1.001000
        ADMM_itermax = 2000
                tol0 = 0.050000
            scaleTol = 0.600000
              minTol = 0.001000
          triag_iter = 3
           pent_iter = 3
           hept_iter = 3
      max_outer_iter = 12
          extra_iter = 5
    violated_TriIneq = 0.001000
             TriIneq = 1000
      adjust_TriIneq = 1
            PentIneq = 5000
           HeptaIneq = 5000
         Pent_Trials = 60
        Hepta_Trials = 50
        include_Pent = 1
       include_Hepta = 1
                root = 0
            use_diff = 1
   branchingStrategy = 1

Nodes = 39
Root node bound = 13702.47
Maximum value = 13658
Solution = ( 2 3 4 9 10 11 12 13 14 18 21 22 24 25 27 29 31 32 38 39 40 41 42 43 45 49 50 51 55 57 58 60 61 62 63 65 68 70 72 73 75 77 79 82 85 89 90 91 94 95 97 )
Time = 10.09 s

Number of cores: 10
Maximum number of workers used: 9
