Input file: Instances/rudy/pw09_100.7

Graph has 100 vertices and 4455 edges.
Parameters:
              sigma0 = 1.000000
          scaleSigma = 1.001000
        ADMM_itermax = 2000
                tol0 = 0.050000
            scaleTol = 0.600000
              minTol = 0.001000
          triag_iter = 3
           pent_iter = 3
           hept_iter = 3
      max_outer_iter = 12
          extra_iter = 5
    violated_TriIneq = 0.001000
             TriIneq = 1000
      adjust_TriIneq = 1
            PentIneq = 5000
           HeptaIneq = 5000
         Pent_Trials = 60
        Hepta_Trials = 50
        include_Pent = 1
       include_Hepta = 1
                root = 0
            use_diff = 1
   branchingStrategy = 1

Nodes = 279
Root node bound = 13569.23
Maximum value = 13501
Solution = ( 2 3 5 6 7 10 11 13 14 17 19 20 21 25 28 30 32 33 39 41 43 44 47 48 49 51 53 57 59 60 61 62 64 65 66 69 70 71 73 76 80 81 82 84 85 87 88 91 93 94 )
Time = 22.20 s

Number of cores: 10
Maximum number of workers used: 9
