Input file: Instances/rudy/pw09_100.3

Graph has 100 vertices and 4455 edges.
Parameters:
              sigma0 = 1.000000
          scaleSigma = 1.001000
        ADMM_itermax = 2000
                tol0 = 0.050000
            scaleTol = 0.600000
              minTol = 0.001000
          triag_iter = 3
           pent_iter = 3
           hept_iter = 3
      max_outer_iter = 12
          extra_iter = 5
    violated_TriIneq = 0.001000
             TriIneq = 1000
      adjust_TriIneq = 1
            PentIneq = 5000
           HeptaIneq = 5000
         Pent_Trials = 60
        Hepta_Trials = 50
        include_Pent = 1
       include_Hepta = 1
                root = 0
            use_diff = 1
   branchingStrategy = 1

Nodes = 49
Root node bound = 13694.95
Maximum value = 13656
Solution = ( 2 5 6 7 8 10 11 14 17 18 19 23 26 28 30 31 33 34 38 43 45 46 47 48 50 51 54 58 59 62 63 65 66 67 69 70 71 78 79 81 83 86 87 89 92 93 94 95 98 99 )
Time = 7.18 s

Number of cores: 10
Maximum number of workers used: 9
