Input file: Instances/rudy/pw09_100.8

Graph has 100 vertices and 4455 edges.
Parameters:
              sigma0 = 1.000000
          scaleSigma = 1.001000
        ADMM_itermax = 2000
                tol0 = 0.050000
            scaleTol = 0.600000
              minTol = 0.001000
          triag_iter = 3
           pent_iter = 3
           hept_iter = 3
      max_outer_iter = 12
          extra_iter = 5
    violated_TriIneq = 0.001000
             TriIneq = 1000
      adjust_TriIneq = 1
            PentIneq = 5000
           HeptaIneq = 5000
         Pent_Trials = 60
        Hepta_Trials = 50
        include_Pent = 1
       include_Hepta = 1
                root = 0
            use_diff = 1
   branchingStrategy = 1

Nodes = 123
Root node bound = 13640.50
Maximum value = 13593
Solution = ( 2 3 5 6 12 13 14 15 16 18 20 21 23 24 25 29 31 33 34 35 37 39 43 44 45 46 47 51 52 54 55 59 60 65 68 69 70 74 75 76 79 82 85 87 88 92 93 94 95 98 )
Time = 79.53 s

Number of cores: 3
Maximum number of workers used: 2
