Input file: Instances/rudy/pw09_100.6

Graph has 100 vertices and 4455 edges.
Parameters:
              sigma0 = 1.000000
          scaleSigma = 1.001000
        ADMM_itermax = 2000
                tol0 = 0.050000
            scaleTol = 0.600000
              minTol = 0.001000
          triag_iter = 3
           pent_iter = 3
           hept_iter = 3
      max_outer_iter = 12
          extra_iter = 5
    violated_TriIneq = 0.001000
             TriIneq = 1000
      adjust_TriIneq = 1
            PentIneq = 5000
           HeptaIneq = 5000
         Pent_Trials = 60
        Hepta_Trials = 50
        include_Pent = 1
       include_Hepta = 1
                root = 0
            use_diff = 1
   branchingStrategy = 1

Nodes = 59
Root node bound = 13693.02
Maximum value = 13640
Solution = ( 1 4 6 8 9 10 12 14 15 18 19 21 23 24 26 27 28 31 32 34 35 36 37 39 40 41 43 49 53 56 57 60 62 63 64 65 67 68 70 72 78 82 84 86 87 90 92 94 95 96 )
Time = 25.07 s

Number of cores: 10
Maximum number of workers used: 9
