Input file: Instances/rudy/pw09_100.2

Graph has 100 vertices and 4455 edges.
Parameters:
              sigma0 = 1.000000
          scaleSigma = 1.001000
        ADMM_itermax = 2000
                tol0 = 0.050000
            scaleTol = 0.600000
              minTol = 0.001000
          triag_iter = 3
           pent_iter = 3
           hept_iter = 3
      max_outer_iter = 12
          extra_iter = 5
    violated_TriIneq = 0.001000
             TriIneq = 1000
      adjust_TriIneq = 1
            PentIneq = 5000
           HeptaIneq = 5000
         Pent_Trials = 60
        Hepta_Trials = 50
        include_Pent = 1
       include_Hepta = 1
                root = 0
            use_diff = 1
   branchingStrategy = 1

Nodes = 63
Root node bound = 13508.18
Maximum value = 13461
Solution = ( 1 5 7 8 9 12 15 16 17 21 24 28 30 33 35 38 39 46 47 48 50 51 52 53 54 55 57 59 64 66 67 69 73 74 75 78 79 80 83 84 87 88 89 91 93 94 95 97 99 )
Time = 9.01 s

Number of cores: 10
Maximum number of workers used: 9
