Input file: Instances/rudy/pw09_100.0

Graph has 100 vertices and 4455 edges.
Parameters:
              sigma0 = 1.000000
          scaleSigma = 1.001000
        ADMM_itermax = 2000
                tol0 = 0.050000
            scaleTol = 0.600000
              minTol = 0.001000
          triag_iter = 3
           pent_iter = 3
           hept_iter = 3
      max_outer_iter = 12
          extra_iter = 5
    violated_TriIneq = 0.001000
             TriIneq = 1000
      adjust_TriIneq = 1
            PentIneq = 5000
           HeptaIneq = 5000
         Pent_Trials = 60
        Hepta_Trials = 50
        include_Pent = 1
       include_Hepta = 1
                root = 0
            use_diff = 1
   branchingStrategy = 1

Nodes = 129
Root node bound = 13647.52
Maximum value = 13585
Solution = ( 1 5 7 8 11 15 16 17 18 19 20 23 24 27 28 29 30 32 37 39 42 43 44 45 46 49 50 51 52 54 55 59 63 66 68 71 73 74 76 83 84 86 87 89 91 92 94 95 96 97 )
Time = 33.58 s

Number of cores: 10
Maximum number of workers used: 9
