Input file: Instances/rudy/pw09_100.1

Graph has 100 vertices and 4455 edges.
Parameters:
              sigma0 = 1.000000
          scaleSigma = 1.001000
        ADMM_itermax = 2000
                tol0 = 0.050000
            scaleTol = 0.600000
              minTol = 0.001000
          triag_iter = 3
           pent_iter = 3
           hept_iter = 3
      max_outer_iter = 12
          extra_iter = 5
    violated_TriIneq = 0.001000
             TriIneq = 1000
      adjust_TriIneq = 1
            PentIneq = 5000
           HeptaIneq = 5000
         Pent_Trials = 60
        Hepta_Trials = 50
        include_Pent = 1
       include_Hepta = 1
                root = 0
            use_diff = 1
   branchingStrategy = 1

Nodes = 365
Root node bound = 13485.78
Maximum value = 13417
Solution = ( 1 5 6 8 9 10 11 14 16 17 18 20 21 24 25 26 27 28 29 32 39 41 46 49 51 53 55 56 58 59 60 61 66 68 70 71 75 76 77 78 80 81 82 84 86 87 89 90 91 93 94 )
Time = 193.96 s

Number of cores: 3
Maximum number of workers used: 2
