Input file: Instances/rudy/pw09_100.4

Graph has 100 vertices and 4455 edges.
Parameters:
              sigma0 = 1.000000
          scaleSigma = 1.001000
        ADMM_itermax = 2000
                tol0 = 0.050000
            scaleTol = 0.600000
              minTol = 0.001000
          triag_iter = 3
           pent_iter = 3
           hept_iter = 3
      max_outer_iter = 12
          extra_iter = 5
    violated_TriIneq = 0.001000
             TriIneq = 1000
      adjust_TriIneq = 1
            PentIneq = 5000
           HeptaIneq = 5000
         Pent_Trials = 60
        Hepta_Trials = 50
        include_Pent = 1
       include_Hepta = 1
                root = 0
            use_diff = 1
   branchingStrategy = 1

Nodes = 143
Root node bound = 13565.28
Maximum value = 13514
Solution = ( 1 3 5 6 7 10 11 12 14 15 16 18 19 23 25 28 29 34 36 38 39 40 41 43 44 45 46 49 51 54 55 56 57 58 59 60 63 64 65 67 68 71 73 75 78 80 89 90 92 98 )
Time = 48.75 s

Number of cores: 3
Maximum number of workers used: 2
