Input file: Instances/rudy/w01_100.0

Graph has 100 vertices and 495 edges.
Parameters:
              sigma0 = 1.000000
          scaleSigma = 1.001000
        ADMM_itermax = 2000
                tol0 = 0.050000
            scaleTol = 0.600000
              minTol = 0.001000
          triag_iter = 3
           pent_iter = 3
           hept_iter = 3
      max_outer_iter = 12
          extra_iter = 5
    violated_TriIneq = 0.001000
             TriIneq = 1000
      adjust_TriIneq = 1
            PentIneq = 5000
           HeptaIneq = 5000
         Pent_Trials = 60
        Hepta_Trials = 50
        include_Pent = 1
       include_Hepta = 1
                root = 0
            use_diff = 1
   branchingStrategy = 1

Nodes = 1
Root node bound = 651.21
Maximum value = 651
Solution = ( 1 5 7 8 9 10 11 15 20 26 27 29 30 31 32 34 35 36 40 41 44 47 49 51 53 54 56 58 60 62 63 65 67 72 74 75 77 79 82 85 87 89 92 93 94 95 97 )
Time = 2.22 s

Number of cores: 3
Maximum number of workers used: 0
