Input file: Instances/rudy/w01_100.5

Graph has 100 vertices and 495 edges.
Parameters:
              sigma0 = 1.000000
          scaleSigma = 1.001000
        ADMM_itermax = 2000
                tol0 = 0.050000
            scaleTol = 0.600000
              minTol = 0.001000
          triag_iter = 3
           pent_iter = 3
           hept_iter = 3
      max_outer_iter = 12
          extra_iter = 5
    violated_TriIneq = 0.001000
             TriIneq = 1000
      adjust_TriIneq = 1
            PentIneq = 5000
           HeptaIneq = 5000
         Pent_Trials = 60
        Hepta_Trials = 50
        include_Pent = 1
       include_Hepta = 1
                root = 0
            use_diff = 1
   branchingStrategy = 1

Nodes = 1
Root node bound = 643.08
Maximum value = 643
Solution = ( 1 3 6 7 10 11 13 14 17 18 20 21 23 25 26 27 28 31 33 34 35 37 38 39 40 41 42 44 45 46 47 48 52 54 58 63 64 65 67 70 72 73 74 81 83 84 85 86 90 91 92 93 94 95 97 )
Time = 6.44 s

Number of cores: 10
Maximum number of workers used: 0
