Input file: Instances/rudy/w01_100.6

Graph has 100 vertices and 495 edges.
Parameters:
              sigma0 = 1.000000
          scaleSigma = 1.001000
        ADMM_itermax = 2000
                tol0 = 0.050000
            scaleTol = 0.600000
              minTol = 0.001000
          triag_iter = 3
           pent_iter = 3
           hept_iter = 3
      max_outer_iter = 12
          extra_iter = 5
    violated_TriIneq = 0.001000
             TriIneq = 1000
      adjust_TriIneq = 1
            PentIneq = 5000
           HeptaIneq = 5000
         Pent_Trials = 60
        Hepta_Trials = 50
        include_Pent = 1
       include_Hepta = 1
                root = 0
            use_diff = 1
   branchingStrategy = 1

Nodes = 9
Root node bound = 656.93
Maximum value = 654
Solution = ( 1 3 5 6 8 11 12 13 15 18 25 27 28 29 30 31 35 41 45 47 48 49 50 51 52 53 54 56 58 59 62 63 67 68 69 71 72 77 78 81 83 84 86 88 89 91 92 94 95 96 98 99 )
Time = 11.56 s

Number of cores: 10
Maximum number of workers used: 2
