Input file: Instances/rudy/w01_100.3

Graph has 100 vertices and 495 edges.
Parameters:
              sigma0 = 1.000000
          scaleSigma = 1.001000
        ADMM_itermax = 2000
                tol0 = 0.050000
            scaleTol = 0.600000
              minTol = 0.001000
          triag_iter = 3
           pent_iter = 3
           hept_iter = 3
      max_outer_iter = 12
          extra_iter = 5
    violated_TriIneq = 0.001000
             TriIneq = 1000
      adjust_TriIneq = 1
            PentIneq = 5000
           HeptaIneq = 5000
         Pent_Trials = 60
        Hepta_Trials = 50
        include_Pent = 1
       include_Hepta = 1
                root = 0
            use_diff = 1
   branchingStrategy = 1

Nodes = 3
Root node bound = 815.00
Maximum value = 813
Solution = ( 3 4 6 7 8 10 11 13 15 17 18 19 22 24 25 27 29 30 37 39 42 43 47 48 49 50 54 58 59 60 61 62 64 65 70 73 76 77 78 81 88 92 93 97 99 )
Time = 2.23 s

Number of cores: 10
Maximum number of workers used: 2
