Input file: Instances/rudy/w01_100.1

Graph has 100 vertices and 495 edges.
Parameters:
              sigma0 = 1.000000
          scaleSigma = 1.001000
        ADMM_itermax = 2000
                tol0 = 0.050000
            scaleTol = 0.600000
              minTol = 0.001000
          triag_iter = 3
           pent_iter = 3
           hept_iter = 3
      max_outer_iter = 12
          extra_iter = 5
    violated_TriIneq = 0.001000
             TriIneq = 1000
      adjust_TriIneq = 1
            PentIneq = 5000
           HeptaIneq = 5000
         Pent_Trials = 60
        Hepta_Trials = 50
        include_Pent = 1
       include_Hepta = 1
                root = 0
            use_diff = 1
   branchingStrategy = 1

Nodes = 1
Root node bound = 719.98
Maximum value = 719
Solution = ( 3 4 5 7 8 9 10 12 13 14 17 18 19 28 29 30 33 35 37 39 40 44 46 48 49 55 56 60 70 71 72 74 75 78 82 92 95 96 98 )
Time = 1.77 s

Number of cores: 10
Maximum number of workers used: 0
