Input file: Instances/rudy/w01_100.8

Graph has 100 vertices and 495 edges.
Parameters:
              sigma0 = 1.000000
          scaleSigma = 1.001000
        ADMM_itermax = 2000
                tol0 = 0.050000
            scaleTol = 0.600000
              minTol = 0.001000
          triag_iter = 3
           pent_iter = 3
           hept_iter = 3
      max_outer_iter = 12
          extra_iter = 5
    violated_TriIneq = 0.001000
             TriIneq = 1000
      adjust_TriIneq = 1
            PentIneq = 5000
           HeptaIneq = 5000
         Pent_Trials = 60
        Hepta_Trials = 50
        include_Pent = 1
       include_Hepta = 1
                root = 0
            use_diff = 1
   branchingStrategy = 1

Nodes = 1
Root node bound = 721.96
Maximum value = 721
Solution = ( 2 3 6 7 8 11 15 20 22 24 25 27 28 29 30 32 33 34 35 36 37 39 40 41 42 44 50 51 54 58 59 63 65 70 71 74 77 78 79 82 83 84 85 90 96 )
Time = 0.46 s

Number of cores: 10
Maximum number of workers used: 0
