Input file: Instances/rudy/w01_100.2

Graph has 100 vertices and 495 edges.
Parameters:
              sigma0 = 1.000000
          scaleSigma = 1.001000
        ADMM_itermax = 2000
                tol0 = 0.050000
            scaleTol = 0.600000
              minTol = 0.001000
          triag_iter = 3
           pent_iter = 3
           hept_iter = 3
      max_outer_iter = 12
          extra_iter = 5
    violated_TriIneq = 0.001000
             TriIneq = 1000
      adjust_TriIneq = 1
            PentIneq = 5000
           HeptaIneq = 5000
         Pent_Trials = 60
        Hepta_Trials = 50
        include_Pent = 1
       include_Hepta = 1
                root = 0
            use_diff = 1
   branchingStrategy = 1

Nodes = 31
Root node bound = 692.28
Maximum value = 676
Solution = ( 1 3 4 6 7 8 15 16 19 20 22 23 28 29 32 33 35 38 39 43 45 46 48 49 50 54 55 56 62 63 64 65 68 77 79 80 82 86 88 91 92 97 )
Time = 5.02 s

Number of cores: 10
Maximum number of workers used: 9
