Input file: Instances/rudy/w01_100.4

Graph has 100 vertices and 495 edges.
Parameters:
              sigma0 = 1.000000
          scaleSigma = 1.001000
        ADMM_itermax = 2000
                tol0 = 0.050000
            scaleTol = 0.600000
              minTol = 0.001000
          triag_iter = 3
           pent_iter = 3
           hept_iter = 3
      max_outer_iter = 12
          extra_iter = 5
    violated_TriIneq = 0.001000
             TriIneq = 1000
      adjust_TriIneq = 1
            PentIneq = 5000
           HeptaIneq = 5000
         Pent_Trials = 60
        Hepta_Trials = 50
        include_Pent = 1
       include_Hepta = 1
                root = 0
            use_diff = 1
   branchingStrategy = 1

Nodes = 1
Root node bound = 668.42
Maximum value = 668
Solution = ( 1 2 3 6 8 10 11 12 16 17 18 20 26 28 29 30 31 33 42 43 44 46 49 50 52 54 55 57 58 60 61 62 63 69 72 75 76 77 79 82 84 85 87 89 90 91 92 94 97 )
Time = 0.81 s

Number of cores: 3
Maximum number of workers used: 0
