Input file: Instances/rudy/w01_100.9

Graph has 100 vertices and 495 edges.
Parameters:
              sigma0 = 1.000000
          scaleSigma = 1.001000
        ADMM_itermax = 2000
                tol0 = 0.050000
            scaleTol = 0.600000
              minTol = 0.001000
          triag_iter = 3
           pent_iter = 3
           hept_iter = 3
      max_outer_iter = 12
          extra_iter = 5
    violated_TriIneq = 0.001000
             TriIneq = 1000
      adjust_TriIneq = 1
            PentIneq = 5000
           HeptaIneq = 5000
         Pent_Trials = 60
        Hepta_Trials = 50
        include_Pent = 1
       include_Hepta = 1
                root = 0
            use_diff = 1
   branchingStrategy = 1

Nodes = 1
Root node bound = 729.60
Maximum value = 729
Solution = ( 1 2 4 5 11 13 16 17 18 19 21 23 26 27 28 29 30 32 33 34 35 38 44 47 50 53 54 56 63 66 68 70 72 75 79 80 81 82 88 89 90 95 97 98 )
Time = 1.01 s

Number of cores: 10
Maximum number of workers used: 0
