Input file: Instances/rudy/w01_100.7

Graph has 100 vertices and 495 edges.
Parameters:
              sigma0 = 1.000000
          scaleSigma = 1.001000
        ADMM_itermax = 2000
                tol0 = 0.050000
            scaleTol = 0.600000
              minTol = 0.001000
          triag_iter = 3
           pent_iter = 3
           hept_iter = 3
      max_outer_iter = 12
          extra_iter = 5
    violated_TriIneq = 0.001000
             TriIneq = 1000
      adjust_TriIneq = 1
            PentIneq = 5000
           HeptaIneq = 5000
         Pent_Trials = 60
        Hepta_Trials = 50
        include_Pent = 1
       include_Hepta = 1
                root = 0
            use_diff = 1
   branchingStrategy = 1

Nodes = 1
Root node bound = 725.95
Maximum value = 725
Solution = ( 2 3 4 5 6 7 9 13 14 22 23 24 26 28 32 33 35 36 39 41 42 44 45 46 48 53 54 56 61 62 66 67 73 74 75 76 79 81 83 86 87 88 91 97 99 )
Time = 2.48 s

Number of cores: 10
Maximum number of workers used: 0
