Input file: Instances/rudy/w05_100.0

Graph has 100 vertices and 2475 edges.
Parameters:
              sigma0 = 1.000000
          scaleSigma = 1.001000
        ADMM_itermax = 2000
                tol0 = 0.050000
            scaleTol = 0.600000
              minTol = 0.001000
          triag_iter = 3
           pent_iter = 3
           hept_iter = 3
      max_outer_iter = 12
          extra_iter = 5
    violated_TriIneq = 0.001000
             TriIneq = 1000
      adjust_TriIneq = 1
            PentIneq = 5000
           HeptaIneq = 5000
         Pent_Trials = 60
        Hepta_Trials = 50
        include_Pent = 1
       include_Hepta = 1
                root = 0
            use_diff = 1
   branchingStrategy = 1

Nodes = 125
Root node bound = 1726.89
Maximum value = 1646
Solution = ( 2 3 5 6 7 10 11 13 14 18 22 26 29 31 32 33 34 35 39 40 41 42 43 44 45 46 47 51 57 61 62 63 64 66 70 71 73 77 78 79 80 82 83 84 85 86 87 88 89 90 91 92 97 )
Time = 34.37 s

Number of cores: 10
Maximum number of workers used: 9
