Input file: Instances/rudy/w05_100.3

Graph has 100 vertices and 2475 edges.
Parameters:
              sigma0 = 1.000000
          scaleSigma = 1.001000
        ADMM_itermax = 2000
                tol0 = 0.050000
            scaleTol = 0.600000
              minTol = 0.001000
          triag_iter = 3
           pent_iter = 3
           hept_iter = 3
      max_outer_iter = 12
          extra_iter = 5
    violated_TriIneq = 0.001000
             TriIneq = 1000
      adjust_TriIneq = 1
            PentIneq = 5000
           HeptaIneq = 5000
         Pent_Trials = 60
        Hepta_Trials = 50
        include_Pent = 1
       include_Hepta = 1
                root = 0
            use_diff = 1
   branchingStrategy = 1

Nodes = 131
Root node bound = 1701.30
Maximum value = 1627
Solution = ( 4 5 6 10 11 12 13 14 15 17 18 19 20 21 22 23 24 26 28 29 30 31 33 34 35 36 39 41 44 47 48 49 52 55 56 58 60 61 67 68 71 74 75 77 83 85 86 87 88 98 99 )
Time = 308.34 s

Number of cores: 10
Maximum number of workers used: 9
