Input file: Instances/rudy/w05_100.5

Graph has 100 vertices and 2475 edges.
Parameters:
              sigma0 = 1.000000
          scaleSigma = 1.001000
        ADMM_itermax = 2000
                tol0 = 0.050000
            scaleTol = 0.600000
              minTol = 0.001000
          triag_iter = 3
           pent_iter = 3
           hept_iter = 3
      max_outer_iter = 12
          extra_iter = 5
    violated_TriIneq = 0.001000
             TriIneq = 1000
      adjust_TriIneq = 1
            PentIneq = 5000
           HeptaIneq = 5000
         Pent_Trials = 60
        Hepta_Trials = 50
        include_Pent = 1
       include_Hepta = 1
                root = 0
            use_diff = 1
   branchingStrategy = 1

Nodes = 73
Root node bound = 1664.97
Maximum value = 1581
Solution = ( 2 6 9 11 13 14 15 17 20 22 23 27 28 29 30 33 34 37 40 41 42 43 44 45 47 48 49 50 51 55 57 60 63 64 67 69 71 73 75 77 78 79 84 89 91 92 93 95 96 99 )
Time = 53.99 s

Number of cores: 10
Maximum number of workers used: 9
