Input file: Instances/rudy/w05_100.6

Graph has 100 vertices and 2475 edges.
Parameters:
              sigma0 = 1.000000
          scaleSigma = 1.001000
        ADMM_itermax = 2000
                tol0 = 0.050000
            scaleTol = 0.600000
              minTol = 0.001000
          triag_iter = 3
           pent_iter = 3
           hept_iter = 3
      max_outer_iter = 12
          extra_iter = 5
    violated_TriIneq = 0.001000
             TriIneq = 1000
      adjust_TriIneq = 1
            PentIneq = 5000
           HeptaIneq = 5000
         Pent_Trials = 60
        Hepta_Trials = 50
        include_Pent = 1
       include_Hepta = 1
                root = 0
            use_diff = 1
   branchingStrategy = 1

Nodes = 45
Root node bound = 1531.15
Maximum value = 1479
Solution = ( 1 3 6 9 10 12 13 18 20 21 22 24 29 30 35 36 39 40 42 43 44 45 47 49 50 53 56 61 65 68 69 70 73 74 82 84 85 86 88 91 92 94 95 98 99 )
Time = 192.02 s

Number of cores: 10
Maximum number of workers used: 9
