Input file: Instances/rudy/w05_100.7

Graph has 100 vertices and 2475 edges.
Parameters:
              sigma0 = 1.000000
          scaleSigma = 1.001000
        ADMM_itermax = 2000
                tol0 = 0.050000
            scaleTol = 0.600000
              minTol = 0.001000
          triag_iter = 3
           pent_iter = 3
           hept_iter = 3
      max_outer_iter = 12
          extra_iter = 5
    violated_TriIneq = 0.001000
             TriIneq = 1000
      adjust_TriIneq = 1
            PentIneq = 5000
           HeptaIneq = 5000
         Pent_Trials = 60
        Hepta_Trials = 50
        include_Pent = 1
       include_Hepta = 1
                root = 0
            use_diff = 1
   branchingStrategy = 1

Nodes = 15
Root node bound = 2016.76
Maximum value = 1987
Solution = ( 2 4 7 8 10 11 13 14 15 18 21 23 25 28 29 30 31 32 36 37 38 41 43 44 45 46 48 50 51 52 53 57 61 65 67 71 73 74 77 79 80 81 84 87 88 90 91 92 )
Time = 11.43 s

Number of cores: 3
Maximum number of workers used: 2
