Input file: Instances/rudy/w05_100.4

Graph has 100 vertices and 2475 edges.
Parameters:
              sigma0 = 1.000000
          scaleSigma = 1.001000
        ADMM_itermax = 2000
                tol0 = 0.050000
            scaleTol = 0.600000
              minTol = 0.001000
          triag_iter = 3
           pent_iter = 3
           hept_iter = 3
      max_outer_iter = 12
          extra_iter = 5
    violated_TriIneq = 0.001000
             TriIneq = 1000
      adjust_TriIneq = 1
            PentIneq = 5000
           HeptaIneq = 5000
         Pent_Trials = 60
        Hepta_Trials = 50
        include_Pent = 1
       include_Hepta = 1
                root = 0
            use_diff = 1
   branchingStrategy = 1

Nodes = 259
Root node bound = 1624.63
Maximum value = 1546
Solution = ( 3 4 6 7 10 11 12 13 16 18 19 26 30 31 32 34 36 38 39 43 46 47 50 53 54 55 56 57 59 60 62 64 65 67 68 69 71 78 79 83 84 86 89 90 91 92 93 95 96 98 )
Time = 202.52 s

Number of cores: 3
Maximum number of workers used: 2
