Input file: Instances/rudy/w05_100.2

Graph has 100 vertices and 2475 edges.
Parameters:
              sigma0 = 1.000000
          scaleSigma = 1.001000
        ADMM_itermax = 2000
                tol0 = 0.050000
            scaleTol = 0.600000
              minTol = 0.001000
          triag_iter = 3
           pent_iter = 3
           hept_iter = 3
      max_outer_iter = 12
          extra_iter = 5
    violated_TriIneq = 0.001000
             TriIneq = 1000
      adjust_TriIneq = 1
            PentIneq = 5000
           HeptaIneq = 5000
         Pent_Trials = 60
        Hepta_Trials = 50
        include_Pent = 1
       include_Hepta = 1
                root = 0
            use_diff = 1
   branchingStrategy = 1

Nodes = 25
Root node bound = 1944.62
Maximum value = 1902
Solution = ( 1 3 8 10 11 12 13 14 15 16 17 18 21 22 23 25 26 28 30 31 32 34 35 43 45 46 48 50 51 53 55 57 61 62 63 66 67 69 71 72 73 77 78 79 81 82 85 86 88 89 91 93 94 96 97 98 )
Time = 8.41 s

Number of cores: 10
Maximum number of workers used: 9
