Input file: Instances/rudy/w05_100.9

Graph has 100 vertices and 2475 edges.
Parameters:
              sigma0 = 1.000000
          scaleSigma = 1.001000
        ADMM_itermax = 2000
                tol0 = 0.050000
            scaleTol = 0.600000
              minTol = 0.001000
          triag_iter = 3
           pent_iter = 3
           hept_iter = 3
      max_outer_iter = 12
          extra_iter = 5
    violated_TriIneq = 0.001000
             TriIneq = 1000
      adjust_TriIneq = 1
            PentIneq = 5000
           HeptaIneq = 5000
         Pent_Trials = 60
        Hepta_Trials = 50
        include_Pent = 1
       include_Hepta = 1
                root = 0
            use_diff = 1
   branchingStrategy = 1

Nodes = 11
Root node bound = 1777.39
Maximum value = 1752
Solution = ( 5 8 9 10 11 12 13 14 16 17 19 21 23 24 25 26 28 29 30 36 37 38 39 40 42 43 44 45 46 50 51 52 53 55 56 57 58 59 62 64 65 66 67 72 74 78 80 81 82 86 88 90 91 95 96 )
Time = 8.55 s

Number of cores: 10
Maximum number of workers used: 4
