Input file: Instances/rudy/w09_100.9

Graph has 100 vertices and 4455 edges.
Parameters:
              sigma0 = 1.000000
          scaleSigma = 1.001000
        ADMM_itermax = 2000
                tol0 = 0.050000
            scaleTol = 0.600000
              minTol = 0.001000
          triag_iter = 3
           pent_iter = 3
           hept_iter = 3
      max_outer_iter = 12
          extra_iter = 5
    violated_TriIneq = 0.001000
             TriIneq = 1000
      adjust_TriIneq = 1
            PentIneq = 5000
           HeptaIneq = 5000
         Pent_Trials = 60
        Hepta_Trials = 50
        include_Pent = 1
       include_Hepta = 1
                root = 0
            use_diff = 1
   branchingStrategy = 1

Nodes = 207
Root node bound = 2139.66
Maximum value = 2043
Solution = ( 2 3 5 7 8 9 10 17 18 19 20 24 26 27 29 30 34 37 38 39 41 42 43 44 47 48 49 50 53 54 55 56 58 61 65 66 71 73 77 79 81 82 83 86 87 89 93 97 )
Time = 159.33 s

Number of cores: 3
Maximum number of workers used: 2
