Input file: Instances/rudy/w09_100.2

Graph has 100 vertices and 4455 edges.
Parameters:
              sigma0 = 1.000000
          scaleSigma = 1.001000
        ADMM_itermax = 2000
                tol0 = 0.050000
            scaleTol = 0.600000
              minTol = 0.001000
          triag_iter = 3
           pent_iter = 3
           hept_iter = 3
      max_outer_iter = 12
          extra_iter = 5
    violated_TriIneq = 0.001000
             TriIneq = 1000
      adjust_TriIneq = 1
            PentIneq = 5000
           HeptaIneq = 5000
         Pent_Trials = 60
        Hepta_Trials = 50
        include_Pent = 1
       include_Hepta = 1
                root = 0
            use_diff = 1
   branchingStrategy = 1

Nodes = 255
Root node bound = 2864.79
Maximum value = 2738
Solution = ( 2 3 11 12 13 15 18 19 24 25 28 30 32 33 34 36 37 41 45 46 47 48 49 53 55 56 57 58 60 61 63 64 66 67 68 69 70 71 72 73 74 75 81 83 84 85 86 88 89 91 92 93 95 97 )
Time = 42.82 s

Number of cores: 10
Maximum number of workers used: 9
