Input file: Instances/rudy/w09_100.4

Graph has 100 vertices and 4455 edges.
Parameters:
              sigma0 = 1.000000
          scaleSigma = 1.001000
        ADMM_itermax = 2000
                tol0 = 0.050000
            scaleTol = 0.600000
              minTol = 0.001000
          triag_iter = 3
           pent_iter = 3
           hept_iter = 3
      max_outer_iter = 12
          extra_iter = 5
    violated_TriIneq = 0.001000
             TriIneq = 1000
      adjust_TriIneq = 1
            PentIneq = 5000
           HeptaIneq = 5000
         Pent_Trials = 60
        Hepta_Trials = 50
        include_Pent = 1
       include_Hepta = 1
                root = 0
            use_diff = 1
   branchingStrategy = 1

Nodes = 153
Root node bound = 2138.19
Maximum value = 2033
Solution = ( 6 8 9 11 12 14 15 17 18 20 22 25 26 29 30 31 32 35 36 38 41 43 44 48 49 50 54 55 56 58 61 62 67 68 71 72 73 74 76 78 80 82 84 87 92 93 96 98 )
Time = 23.37 s

Number of cores: 10
Maximum number of workers used: 9
