Input file: Instances/rudy/w09_100.0

Graph has 100 vertices and 4455 edges.
Parameters:
              sigma0 = 1.000000
          scaleSigma = 1.001000
        ADMM_itermax = 2000
                tol0 = 0.050000
            scaleTol = 0.600000
              minTol = 0.001000
          triag_iter = 3
           pent_iter = 3
           hept_iter = 3
      max_outer_iter = 12
          extra_iter = 5
    violated_TriIneq = 0.001000
             TriIneq = 1000
      adjust_TriIneq = 1
            PentIneq = 5000
           HeptaIneq = 5000
         Pent_Trials = 60
        Hepta_Trials = 50
        include_Pent = 1
       include_Hepta = 1
                root = 0
            use_diff = 1
   branchingStrategy = 1

Nodes = 65
Root node bound = 2219.25
Maximum value = 2121
Solution = ( 1 3 4 5 6 10 11 13 14 15 16 18 19 20 25 28 33 34 39 40 41 42 45 48 52 55 57 59 60 61 62 64 65 67 68 73 78 84 85 86 89 90 91 92 93 95 96 97 )
Time = 17.18 s

Number of cores: 10
Maximum number of workers used: 9
