Input file: Instances/rudy/w09_100.5

Graph has 100 vertices and 4455 edges.
Parameters:
              sigma0 = 1.000000
          scaleSigma = 1.001000
        ADMM_itermax = 2000
                tol0 = 0.050000
            scaleTol = 0.600000
              minTol = 0.001000
          triag_iter = 3
           pent_iter = 3
           hept_iter = 3
      max_outer_iter = 12
          extra_iter = 5
    violated_TriIneq = 0.001000
             TriIneq = 1000
      adjust_TriIneq = 1
            PentIneq = 5000
           HeptaIneq = 5000
         Pent_Trials = 60
        Hepta_Trials = 50
        include_Pent = 1
       include_Hepta = 1
                root = 0
            use_diff = 1
   branchingStrategy = 1

Nodes = 1
Root node bound = 2433.71
Maximum value = 2433
Solution = ( 1 3 4 5 7 8 13 17 19 20 21 24 28 30 31 32 33 35 36 44 45 46 49 50 51 53 54 55 57 60 64 66 67 68 70 71 72 73 75 76 77 82 83 84 85 87 90 91 93 95 97 98 99 )
Time = 9.25 s

Number of cores: 10
Maximum number of workers used: 0
