Input file: Instances/rudy/w09_100.8

Graph has 100 vertices and 4455 edges.
Parameters:
              sigma0 = 1.000000
          scaleSigma = 1.001000
        ADMM_itermax = 2000
                tol0 = 0.050000
            scaleTol = 0.600000
              minTol = 0.001000
          triag_iter = 3
           pent_iter = 3
           hept_iter = 3
      max_outer_iter = 12
          extra_iter = 5
    violated_TriIneq = 0.001000
             TriIneq = 1000
      adjust_TriIneq = 1
            PentIneq = 5000
           HeptaIneq = 5000
         Pent_Trials = 60
        Hepta_Trials = 50
        include_Pent = 1
       include_Hepta = 1
                root = 0
            use_diff = 1
   branchingStrategy = 1

Nodes = 23
Root node bound = 1908.63
Maximum value = 1843
Solution = ( 1 3 5 6 10 12 14 20 21 22 27 28 29 30 38 40 41 42 45 47 49 51 53 55 57 58 64 65 66 68 71 73 76 79 87 89 92 93 96 )
Time = 16.97 s

Number of cores: 10
Maximum number of workers used: 9
