Input file: Instances/rudy/w09_100.7

Graph has 100 vertices and 4455 edges.
Parameters:
              sigma0 = 1.000000
          scaleSigma = 1.001000
        ADMM_itermax = 2000
                tol0 = 0.050000
            scaleTol = 0.600000
              minTol = 0.001000
          triag_iter = 3
           pent_iter = 3
           hept_iter = 3
      max_outer_iter = 12
          extra_iter = 5
    violated_TriIneq = 0.001000
             TriIneq = 1000
      adjust_TriIneq = 1
            PentIneq = 5000
           HeptaIneq = 5000
         Pent_Trials = 60
        Hepta_Trials = 50
        include_Pent = 1
       include_Hepta = 1
                root = 0
            use_diff = 1
   branchingStrategy = 1

Nodes = 77
Root node bound = 2340.14
Maximum value = 2252
Solution = ( 1 3 4 7 10 12 13 14 15 16 17 20 22 23 24 27 28 31 33 35 38 41 42 43 46 47 50 51 52 56 59 61 62 68 70 72 73 77 80 85 86 87 88 92 99 )
Time = 36.40 s

Number of cores: 3
Maximum number of workers used: 2
