Input file: Instances/rudy/w09_100.3

Graph has 100 vertices and 4455 edges.
Parameters:
              sigma0 = 1.000000
          scaleSigma = 1.001000
        ADMM_itermax = 2000
                tol0 = 0.050000
            scaleTol = 0.600000
              minTol = 0.001000
          triag_iter = 3
           pent_iter = 3
           hept_iter = 3
      max_outer_iter = 12
          extra_iter = 5
    violated_TriIneq = 0.001000
             TriIneq = 1000
      adjust_TriIneq = 1
            PentIneq = 5000
           HeptaIneq = 5000
         Pent_Trials = 60
        Hepta_Trials = 50
        include_Pent = 1
       include_Hepta = 1
                root = 0
            use_diff = 1
   branchingStrategy = 1

Nodes = 271
Root node bound = 2115.20
Maximum value = 1990
Solution = ( 3 4 6 7 8 9 10 11 12 14 15 16 20 22 23 25 27 29 30 31 32 35 37 40 42 43 45 46 47 48 49 50 53 54 55 60 63 64 65 67 68 69 70 71 72 74 75 77 78 79 81 82 84 86 89 90 93 94 95 96 99 )
Time = 38.05 s

Number of cores: 10
Maximum number of workers used: 9
