Input file: Instances/rudy/180/g05_180.2

Graph has 180 vertices and 8055 edges.
Parameters:
              sigma0 = 1.000000
          scaleSigma = 1.001000
        ADMM_itermax = 2000
                tol0 = 0.050000
            scaleTol = 0.600000
              minTol = 0.001000
          triag_iter = 3
           pent_iter = 3
           hept_iter = 3
      max_outer_iter = 12
          extra_iter = 5
    violated_TriIneq = 0.001000
             TriIneq = 1800
      adjust_TriIneq = 1
            PentIneq = 5000
           HeptaIneq = 5000
         Pent_Trials = 60
        Hepta_Trials = 50
        include_Pent = 1
       include_Hepta = 1
                root = 0
            use_diff = 1
   branchingStrategy = 1

Nodes = 200577
Root node bound = 4546.79
Maximum value = 4503
Solution = ( 2 3 4 7 8 9 12 13 15 17 19 20 22 24 25 26 27 30 32 33 36 37 39 42 46 48 49 50 53 54 56 57 58 59 62 64 65 69 71 73 76 77 79 80 81 82 83 85 86 91 92 95 96 98 99 101 103 110 111 112 114 117 118 119 121 124 125 127 128 129 132 133 135 137 140 141 142 143 144 149 151 152 153 155 158 161 162 163 164 167 176 )
Time = 50948.90 s

Number of cores: 10
Maximum number of workers used: 9
