Input file: Instances/rudy/180/pm1d_180.3

Graph has 180 vertices and 15949 edges.
Parameters:
              sigma0 = 1.000000
          scaleSigma = 1.001000
        ADMM_itermax = 2000
                tol0 = 0.050000
            scaleTol = 0.600000
              minTol = 0.001000
          triag_iter = 3
           pent_iter = 3
           hept_iter = 3
      max_outer_iter = 12
          extra_iter = 5
    violated_TriIneq = 0.001000
             TriIneq = 1800
      adjust_TriIneq = 1
            PentIneq = 5000
           HeptaIneq = 5000
         Pent_Trials = 60
        Hepta_Trials = 50
        include_Pent = 1
       include_Hepta = 1
                root = 0
            use_diff = 1
   branchingStrategy = 1

Nodes = 61279
Root node bound = 941.88
Maximum value = 866
Solution = ( 1 5 6 7 9 13 19 20 21 22 24 25 27 28 31 35 36 37 38 39 40 43 47 48 49 54 56 57 58 59 62 63 64 65 66 68 69 73 74 75 77 78 79 82 85 87 88 90 91 92 93 94 96 98 100 101 103 104 105 106 108 110 111 112 114 116 117 119 120 121 123 125 127 128 129 130 131 133 134 139 143 144 146 151 153 154 155 156 157 158 162 163 166 171 173 176 177 179 )
Time = 17610.16 s

Number of cores: 10
Maximum number of workers used: 9
